1742780127060 0.6516990291262136 0
1742780130685 0.7487864077669902 1
1742780133946 0.8363792118789263 2
1742780137995 0.9206881781838949 3
1742780141730 0.920902341519132 4
1742780145735 0.9503854940034266 5
1742780149267 0.9408909194745859 6
1742780153059 0.9466019417475728 7
1742780156718 0.9561679040548258 8
1742780160486 0.9605939463163906 9
1742780164609 0.9658766419189034 10
1742780168300 0.9588092518560822 11
1742780171768 0.9666619074814392 12
1742780175586 0.9685893774985722 13
1742780179363 0.9710165619645916 14
1742780182949 0.9713735008566533 15
1742780186436 0.9756567675613935 16
1742780190084 0.9749428897772702 17
1742780193697 0.9735865219874358 18
1742780197323 0.9732295830953741 19
1742780201029 0.9770131353512279 20
1742780204549 0.9773700742432896 21
1742780208267 0.9777984009137636 22
1742780211816 0.9795117075956596 23
1742780215205 0.9767989720159909 24
1742780218683 0.9801541976013707 25
1742780222220 0.9765848086807538 26
1742780225827 0.979154768703598 27
1742780229230 0.9807252998286693 28
1742780233017 0.9786550542547116 29
1742780236479 0.9816533409480297 30
1742780239933 0.9807966876070817 31
1742780243714 0.9812250142775557 32
1742780247016 0.980225585379783 33
1742780250737 0.9800114220445459 34
1742780254490 0.9799400342661336 35
1742780258021 0.9819388920616791 36
1742780261607 0.98043974871502 37
1742780265328 0.9833666476299258 38
1742780268920 0.9814391776127926 39
1742780272439 0.9815105653912051 40
1742780275906 0.9793689320388349 41
1742780279370 0.9813677898343803 42
1742780283143 0.9807252998286693 43
1742780286961 0.9840091376356368 44
1742780290867 0.9845802398629354 45
1742780294742 0.9838663620788121 46
1742780298370 0.9836521987435751 47
1742780302420 0.9835094231867504 48
1742780306415 0.9855796687607081 49
1742780310656 0.9840805254140491 50
