1742780127060 1.2717505502466226 0
1742780130686 0.7915899481744321 1
1742780133946 0.47070945236092177 2
1742780137996 0.28931629973545353 3
1742780141731 0.26936288453556917 4
1742780145736 0.18140962845620853 5
1742780149268 0.19867255725695424 6
1742780153059 0.17551146360832284 7
1742780156719 0.15117831279990998 8
1742780160487 0.13467673468670086 9
1742780164610 0.11697370255241431 10
1742780168301 0.13044592297446667 11
1742780171768 0.1099013229466355 12
1742780175587 0.10349033988072172 13
1742780179364 0.09833557421502104 14
1742780182950 0.09403074986713919 15
1742780186437 0.08110787062745371 16
1742780190084 0.07878723886487851 17
1742780193698 0.08092892212372137 18
1742780197323 0.08595955060154145 19
1742780201032 0.070674195373712 20
1742780204549 0.07184116630781127 21
1742780208267 0.06780408410735674 22
1742780211816 0.0650215004285471 23
1742780215206 0.07008945134605878 24
1742780218684 0.06404176937966617 25
1742780222220 0.07152294527448977 26
1742780225828 0.06402141622944288 27
1742780229231 0.059142848003064956 28
1742780233018 0.06730502156006261 29
1742780236479 0.05470270668676305 30
1742780239934 0.05841946253649195 31
1742780243715 0.0539272056984121 32
1742780247017 0.05987159777015907 33
1742780250737 0.057587591060885276 34
1742780254491 0.05500626784940222 35
1742780258022 0.049139191659156166 36
1742780261608 0.05534770128398059 37
1742780265329 0.047858764755551626 38
1742780268921 0.052278230705823214 39
1742780272440 0.05520005014572273 40
1742780275907 0.059556952111015825 41
1742780279370 0.05142967973272224 42
1742780283144 0.05255115756007202 43
1742780286961 0.0427480669885759 44
1742780290867 0.04247275971318554 45
1742780294743 0.04319108427624279 46
1742780298370 0.04380884166153831 47
1742780302421 0.04437759233299473 48
1742780306416 0.04181061591799841 49
1742780310657 0.04334574015271995 50
