1745221876876 0.00980229273965775 0
1745221885972 0.00980229273965775 1
1745221895294 0.00980229273965775 2
1745221904636 0.00980229273965775 3
1745221913965 0.00980229273965775 4
1745221923010 0.00980229273965775 5
1745221932210 0.00980229273965775 6
1745221941281 0.00980229273965775 7
1745221949395 0.009719222462203024 8
1745221958476 0.00980229273965775 9
1745221967471 0.00980229273965775 10
1745221975609 0.01079913606911447 11
1745221984737 0.009885363017112478 12
1745221993783 0.011380628011297557 13
1745222002963 0.016447914936035885 14
1745222011960 0.015035720219305533 15
1745222021021 0.014786509386941352 16
1745222029098 0.019023093537132413 17
1745222037417 0.01561721216148862 18
1745222046302 0.018192390762585147 19
1745222055243 0.01810932048513042 20
1745222064577 0.02118292075095531 21
1745222072831 0.0196045854793155 22
1745222081639 0.021099850473500582 23
1745222089792 0.01810932048513042 24
1745222097973 0.01885695298222296 25
1745222106178 0.017278617710583154 26
1745222114465 0.01993686658913441 27
1745222123420 0.019189234092041867 28
1745222132600 0.01935537464695132 29
1745222142209 0.021349061305864763 30
1745222150937 0.021265991028410036 31
1745222160097 0.015534141884033893 32
1745222168706 0.013374314670210998 33
1745222177018 0.017278617710583154 34
1745222185185 0.018441601594949328 35
1745222193168 0.015451071606579166 36
1745222201061 0.016198704103671708 37
1745222208956 0.017195547433128427 38
1745222217031 0.019687655756770228 39
1745222225781 0.016780196045854793 40
1745222234966 0.015201860774214987 41
1745222243324 0.013789666057484632 42
1745222251219 0.01736168798803788 43
1745222260196 0.016697125768400066 44
1745222268408 0.01611563382621698 45
1745222277374 0.016032563548762254 46
1745222286269 0.014288087722212992 47
1745222295504 0.013789666057484632 48
1745222303589 0.013540455225120452 49
1745222312860 0.010632995514205018 50
1745222322255 0.010882206346569197 51
1745222330498 0.010882206346569197 52
1745222338586 0.011214487456388105 53
1745222346532 0.012792822728027911 54
1745222354533 0.012958963282937365 55
1745222362506 0.012792822728027911 56
1745222370492 0.013540455225120452 57
1745222378570 0.013042033560392092 58
1745222386520 0.012875893005482638 59
1745222394721 0.011879049676025918 60
1745222402699 0.013042033560392092 61
1745222410936 0.012875893005482638 62
1745222418982 0.013457384947665725 63
