1745221876877 4.605494928139506 0
1745221885973 4.605458488981481 1
1745221895295 4.605406414916306 2
1745221904637 4.605349914022432 3
1745221913966 4.605281076094542 4
1745221923011 4.605210512413002 5
1745221932211 4.605131745989857 6
1745221941281 4.605080033511161 7
1745221949396 4.605029716066775 8
1745221958477 4.604965790122835 9
1745221967472 4.604911076516451 10
1745221975610 4.604875299999723 11
1745221984738 4.604817715248374 12
1745221993787 4.604789155228091 13
1745222002964 4.604746388106248 14
1745222011960 4.604707415938728 15
1745222021022 4.604682611787755 16
1745222029099 4.604657478721365 17
1745222037417 4.604628855263099 18
1745222046303 4.60459707453753 19
1745222055244 4.60459457459997 20
1745222064577 4.604569566104531 21
1745222072832 4.604523777210096 22
1745222081640 4.604524764357219 23
1745222089793 4.604482034616683 24
1745222097974 4.6044818870958135 25
1745222106178 4.604487420130598 26
1745222114466 4.604470406825325 27
1745222123421 4.6044565721337865 28
1745222132601 4.604422230437906 29
1745222142210 4.604419978840505 30
1745222150937 4.60437350605856 31
1745222160098 4.604351272699261 32
1745222168706 4.604327239825877 33
1745222177019 4.604329028416201 34
1745222185185 4.604319694614451 35
1745222193169 4.604329944508774 36
1745222201061 4.604324633857692 37
1745222208957 4.604260095381446 38
1745222217032 4.604268908450562 39
1745222225782 4.604245439904635 40
1745222234967 4.604229483798854 41
1745222243324 4.604205197574412 42
1745222251220 4.604179230493976 43
1745222260196 4.604199949058478 44
1745222268409 4.604173112486831 45
1745222277375 4.604153914229115 46
1745222286270 4.604174509625717 47
1745222295505 4.604157772621421 48
1745222303590 4.604167361477936 49
1745222312861 4.6041245714061745 50
1745222322256 4.604094694822263 51
1745222330499 4.604101583605907 52
1745222338587 4.604112525505396 53
1745222346532 4.604080484613945 54
1745222354534 4.604063440040662 55
1745222362507 4.604075126158885 56
1745222370493 4.604041124201963 57
1745222378571 4.604027084865305 58
1745222386521 4.603980309425055 59
1745222394722 4.603989822015686 60
1745222402699 4.603985153461214 61
1745222410937 4.603956937389045 62
1745222418983 4.603937529675747 63
