1743809618043 0.05399522538969246 0
1743809631295 0.05392501053222862 1
1743809644557 0.05392501053222862 2
1743809657987 0.05392501053222862 3
1743809670981 0.05399522538969246 4
1743809684293 0.05392501053222862 5
1743809697355 0.05385479567476478 6
1743809710844 0.05385479567476478 7
1743809723947 0.0540654402471563 8
1743809737113 0.05420586996208398 9
1743809750435 0.054346299677011656 10
1743809763923 0.05448672939193933 11
1743809777097 0.05469737396433085 12
1743809790229 0.05462715910686701 13
1743809803196 0.05469737396433085 14
1743809816212 0.05483780367925853 15
1743809829271 0.055188877966577725 16
1743809842480 0.05525909282404157 17
1743809855686 0.05525909282404157 18
1743809868717 0.055469737396433086 19
1743809881684 0.055399522538969244 20
1743809895225 0.055680381968824605 21
1743809908474 0.055891026541216124 22
1743809921073 0.05596124139867996 23
1743809934127 0.055891026541216124 24
1743809946692 0.0560314562561438 25
1743809959442 0.05582081168375228 26
1743809972485 0.05624210082853532 27
1743809985368 0.05673360483078219 28
1743809998251 0.057225108833029066 29
1743810011096 0.057014464260637554 30
1743810024128 0.05715489397556523 31
1743810036800 0.05750596826288443 32
1743810049429 0.0579974722651313 33
1743810062422 0.058840050554697376 34
1743810075375 0.05933155455694425 35
1743810088284 0.05940176941440809 36
1743810101393 0.0596124139867996 37
1743810114596 0.06045499227636568 38
1743810128081 0.06052520713382952 39
1743810140873 0.06150821513832327 40
1743810154479 0.06178907456817863 41
1743810167576 0.0622805785704255 42
1743810180815 0.06312315685999158 43
1743810194151 0.06438702429434068 44
1743810207385 0.06473809858165988 45
1743810220748 0.06579132144361748 46
1743810234155 0.06677432944811122 47
1743810247569 0.06789776716753265 48
1743810260751 0.06944249403173712 49
1743810273925 0.07070636146608622 50
1743810287145 0.07204044375789917 51
1743810300362 0.07365538547956747 52
1743810313806 0.0747788231989889 53
1743810327324 0.07597247577587417 54
1743810340674 0.07737677292515097 55
1743810354037 0.07920235921921079 56
1743810367447 0.08032579693863222 57
1743810380811 0.08229181294761971 58
1743810394281 0.08418761409914338 59
1743810407629 0.08608341525066704 60
1743810420768 0.08790900154472686 61
1743810434164 0.09043673641342508 62
1743810447650 0.09177081870523802 63
1743810461089 0.09415812385900857 64
1743810474598 0.0965454290127791 65
1743810487540 0.09914337873894116 66
1743810500723 0.10181154332256706 67
1743810513627 0.10419884847633759 68
1743810526428 0.10623507934278893 69
1743810539584 0.10876281421148715 70
1743810552873 0.11220334222721527 71
1743810566158 0.11409914337873894 72
1743810579089 0.11620558910265412 73
1743810592297 0.11789074568178627 74
1743810605386 0.12020783597809297 75
1743810618603 0.12343771942142957 76
1743810631818 0.1274399662968684 77
1743810645014 0.13059963488274118 78
1743810658172 0.1327762954641202 79
1743810670983 0.1360061789074568 80
1743810683886 0.1390254177784019 81
1743810697050 0.1423957309366662 82
1743810710002 0.14478303609043675 83
1743810723537 0.1482937789636287 84
1743810736743 0.15117258811964612 85
1743810749952 0.15447268642044656 86
1743810763300 0.15742171043392783 87
1743810776581 0.16107288302204747 88
1743810789918 0.16388147732060104 89
1743810803157 0.16661985676169078 90
1743810816512 0.16984974020502738 91
1743810829469 0.1739924167953939 92
1743810842523 0.17637972194916443 93
1743810855801 0.1798904648223564 94
1743810868785 0.18283948883583767 95
1743810881901 0.18480550484482516 96
1743810894952 0.18782474371577026 97
1743810908241 0.19070355287178767 98
1743810921343 0.1941440808875158 99
1743810934386 0.19779525347563545 100
1743810947618 0.1991293357674484 101
1743810960913 0.2020081449234658 102
1743810974196 0.20622103637129616 103
1743810987213 0.2093104900997051 104
1743811000579 0.21155736553854795 105
1743811013933 0.21408510040724618 106
1743811027099 0.215910686701306 107
1743811040294 0.2173149838505828 108
1743811053574 0.21991293357674485 109
