1743809618043 2.3631873839816513 0
1743809631296 2.363120177809451 1
1743809644557 2.3630307405070803 2
1743809657987 2.3629113759066502 3
1743809670981 2.362777781176877 4
1743809684293 2.362619828486788 5
1743809697356 2.362444676227451 6
1743809710844 2.3622388192181667 7
1743809723947 2.362009239133953 8
1743809737114 2.361756859538292 9
1743809750435 2.3614729408398425 10
1743809763924 2.3611689542346412 11
1743809777098 2.360845424082013 12
1743809790230 2.360516020027949 13
1743809803196 2.3601567974966526 14
1743809816213 2.3597645933247096 15
1743809829272 2.3593747607736786 16
1743809842481 2.3589674892924544 17
1743809855687 2.358529308074256 18
1743809868717 2.3580572291908575 19
1743809881684 2.357554114158827 20
1743809895225 2.357035292669045 21
1743809908474 2.3564656764442766 22
1743809921074 2.35593225739219 23
1743809934128 2.355335182329591 24
1743809946692 2.354758278564749 25
1743809959443 2.354112168972088 26
1743809972485 2.3534348975820056 27
1743809985368 2.352769137999443 28
1743809998252 2.3520726685961066 29
1743810011097 2.3513686608936117 30
1743810024128 2.3506476861618792 31
1743810036801 2.349889067950142 32
1743810049429 2.349172045590849 33
1743810062422 2.348389326729569 34
1743810075375 2.347570523959016 35
1743810088285 2.3467733577306094 36
1743810101393 2.3459582744334884 37
1743810114597 2.3450930988229914 38
1743810128082 2.3442204762779566 39
1743810140873 2.34331641411705 40
1743810154479 2.3423620102299196 41
1743810167576 2.3414347226979166 42
1743810180815 2.3405080482422598 43
1743810194152 2.3395008908452546 44
1743810207386 2.3384818008070316 45
1743810220748 2.3374073916452653 46
1743810234156 2.33632682277594 47
1743810247569 2.3352646107909685 48
1743810260752 2.3341780999903623 49
1743810273926 2.333065416591665 50
1743810287146 2.3319359144293026 51
1743810300363 2.330748618355853 52
1743810313807 2.3295663409643246 53
1743810327324 2.328340132133718 54
1743810340675 2.327159560289891 55
1743810354037 2.3259364533689135 56
1743810367447 2.324647220855331 57
1743810380812 2.3233557298944962 58
1743810394282 2.3220568692731294 59
1743810407630 2.3208053284797114 60
1743810420768 2.3194872168931004 61
1743810434165 2.318144168015503 62
1743810447650 2.31676605266971 63
1743810461090 2.3154307080374226 64
1743810474599 2.314016754246243 65
1743810487541 2.3125729494886436 66
1743810500723 2.311103285312563 67
1743810513628 2.3096255862553554 68
1743810526429 2.3081830808857435 69
1743810539585 2.3067035059818504 70
1743810552874 2.305210549975438 71
1743810566159 2.3037913329359414 72
1743810579089 2.302337138055521 73
1743810592297 2.300881461775866 74
1743810605387 2.2993484312097343 75
1743810618604 2.2977982588279233 76
1743810631818 2.296265357680045 77
1743810645014 2.294691682781806 78
1743810658172 2.2930975056358722 79
1743810670983 2.2914522816047547 80
1743810683887 2.28983263437209 81
1743810697051 2.288158564744372 82
1743810710003 2.2865320090719834 83
1743810723537 2.2848324215661195 84
1743810736744 2.2831620518016473 85
1743810749953 2.2814759285957513 86
1743810763301 2.2797578236892044 87
1743810776582 2.278023161144102 88
1743810789919 2.2763116878460696 89
1743810803158 2.2745272874966775 90
1743810816513 2.2727745586749233 91
1743810829470 2.2710625631715446 92
1743810842524 2.269289569084689 93
1743810855801 2.2675509081707146 94
1743810868786 2.2658075845198917 95
1743810881902 2.2639869773049104 96
1743810894952 2.2621966785525682 97
1743810908242 2.2603293579894226 98
1743810921344 2.258458505214416 99
1743810934387 2.256609915924144 100
1743810947618 2.2547656100908737 101
1743810960913 2.2528504072868194 102
1743810974196 2.2508428692256754 103
1743810987214 2.2489310504127844 104
1743811000580 2.2469827824565125 105
1743811013934 2.245055142576224 106
1743811027100 2.2431361233696703 107
1743811040295 2.2411024928339764 108
1743811053575 2.239072984049779 109
