1743851824216 0.09963488274118804 0
1743851839489 0.09963488274118804 1
1743851854665 0.09900294902401348 2
1743851870018 0.10033703131582643 3
1743851884991 0.10005617188597107 4
1743851900214 0.10005617188597107 5
1743851915284 0.10005617188597107 6
1743851930574 0.10005617188597107 7
1743851945445 0.10005617188597107 8
1743851960398 0.10005617188597107 9
1743851975644 0.10005617188597107 10
1743851991249 0.10005617188597107 11
1743852005955 0.10005617188597107 12
1743852021114 0.10005617188597107 13
1743852036174 0.10005617188597107 14
1743852051077 0.10005617188597107 15
1743852066192 0.10005617188597107 16
1743852081339 0.10005617188597107 17
1743852096662 0.10005617188597107 18
1743852111462 0.10005617188597107 19
1743852126333 0.10005617188597107 20
1743852141714 0.10005617188597107 21
1743852156644 0.10005617188597107 22
1743852171163 0.10005617188597107 23
1743852186044 0.10005617188597107 24
1743852200642 0.10005617188597107 25
1743852215376 0.10005617188597107 26
1743852230288 0.10005617188597107 27
1743852245218 0.10005617188597107 28
1743852259940 0.10005617188597107 29
1743852275153 0.10005617188597107 30
1743852290413 0.10005617188597107 31
1743852305453 0.10005617188597107 32
1743852320082 0.09900294902401348 33
1743852334891 0.09752843701727286 34
1743852349837 0.09584328043814071 35
1743852364586 0.09563263586574919 36
1743852379448 0.09310490099705097 37
1743852394604 0.09464962786125544 38
1743852409769 0.09240275242241258 39
1743852424683 0.09050695127088892 40
1743852439868 0.09184103356270187 41
1743852454577 0.0886813649768291 42
1743852469642 0.0902963066984974 43
1743852484970 0.09078781070074428 44
1743852500478 0.08783878668726303 45
1743852515615 0.09008566212610589 46
1743852530943 0.08818986097458222 47
1743852546164 0.08945372840893133 48
1743852561400 0.08720685297008847 49
1743852576604 0.08748771239994382 50
1743852591612 0.08769835697233534 51
1743852606822 0.08643448953798624 52
1743852621946 0.08797921640219071 53
1743852637417 0.08706642325516079 54
1743852652518 0.08910265412161213 55
1743852667759 0.08418761409914338 56
1743852683061 0.08854093526190142 57
1743852698239 0.0867153489678416 58
1743852713435 0.08741749754247999 59
1743852728445 0.08587277067827552 60
1743852743445 0.08053644151102374 61
1743852758817 0.08545148153349248 62
1743852774544 0.08783878668726303 63
1743852789899 0.08510040724617329 64
1743852805367 0.08847072040443758 65
1743852820656 0.09556242100828535 66
1743852836096 0.09549220615082152 67
1743852851335 0.10356691475916303 68
