1743851824216 2.33217018273912 0
1743851839489 2.311073629954385 1
1743851854665 2.304498065691445 2
1743851870018 2.3038031611540393 3
1743851884992 2.3031190354878364 4
1743851900215 2.3034175743653726 5
1743851915285 2.3039763111101577 6
1743851930574 2.310093992469496 7
1743851945446 2.313661252983362 8
1743851960399 2.3119506533482914 9
1743851975645 2.31135783674756 10
1743851991254 2.311786944911504 11
1743852005955 2.311467183414835 12
1743852021115 2.3114867971012107 13
1743852036175 2.3115707494749 14
1743852051077 2.3115224705428115 15
1743852066193 2.3115868478671273 16
1743852081340 2.3116853229074676 17
1743852096662 2.311724207259023 18
1743852111463 2.3118492994697983 19
1743852126334 2.3119330722554667 20
1743852141715 2.312106662161849 21
1743852156645 2.312304979480863 22
1743852171164 2.312603103358396 23
1743852186045 2.312963436131376 24
1743852200643 2.3131931015670175 25
1743852215376 2.3137337622973693 26
1743852230289 2.31444616787137 27
1743852245219 2.3152286672062643 28
1743852259941 2.3158855234501883 29
1743852275154 2.316774980150866 30
1743852290414 2.317584830938749 31
1743852305453 2.3184790937953945 32
1743852320083 2.3192941047547118 33
1743852334892 2.320233813611976 34
1743852349838 2.3210063592292216 35
1743852364586 2.3215222636477186 36
1743852379448 2.3221856008562334 37
1743852394605 2.322453748477553 38
1743852409769 2.322424432999352 39
1743852424683 2.3220132509239106 40
1743852439869 2.3222561796663306 41
1743852454577 2.322353460370047 42
1743852469642 2.3219727790447675 43
1743852484970 2.3214081646290827 44
1743852500478 2.320818704062659 45
1743852515616 2.319896400883533 46
1743852530943 2.3200271398406818 47
1743852546165 2.3197144936106198 48
1743852561401 2.319198583223805 49
1743852576604 2.318430877867199 50
1743852591613 2.3178854442329344 51
1743852606822 2.3173402008219623 52
1743852621947 2.317287868998402 53
1743852637417 2.3157910352010815 54
1743852652519 2.3148790774945818 55
1743852667760 2.3142604125145128 56
1743852683062 2.3131981744125425 57
1743852698239 2.3122238112599884 58
1743852713435 2.311369726937436 59
1743852728446 2.3097152320000944 60
1743852743446 2.30858562097203 61
1743852758818 2.3070328662832105 62
1743852774544 2.3054910920870273 63
1743852789900 2.3042982560686758 64
1743852805368 2.302257560593203 65
1743852820657 2.3008486150281704 66
1743852836096 2.2993864006586002 67
1743852851336 2.298418891512919 68
