1745250640864 0.06604087057650773 0
1745250656078 0.09877055989367005 1
1745250671186 0.11123110151187905 2
1745250686328 0.1256853297890015 3
1745250701176 0.11837514537298555 4
1745250716035 0.117627512875893 5
1745250730802 0.11422163150024921 6
1745250745806 0.11604917760425319 7
1745250760965 0.11488619371988702 8
1745250776303 0.11214487456388104 9
1745250791528 0.10824057152350888 10
1745250806797 0.10491776042531982 11
1745250821887 0.10574846319986708 12
1745250836900 0.11422163150024921 13
1745250851768 0.11197873400897158 14
1745250866783 0.1213656753613557 15
1745250881595 0.1197873400897159 16
1745250896347 0.11563382621697957 17
1745250911347 0.11679681010134574 18
1745250926175 0.12061804286426317 19
1745250940854 0.12859278949991693 20
1745250955877 0.1278451570028244 21
1745250971032 0.12419006479481641 22
1745250985993 0.12718059478318658 23
1745251001230 0.12934042199700946 24
1745251016266 0.13415849808938363 25
1745251031649 0.13839508223957467 26
1745251046748 0.1368998172453896 27
1745251061862 0.14263166638976574 28
1745251076756 0.14769895331450408 29
1745251091909 0.14786509386941352 30
1745251106934 0.15077255358032896 31
1745251121971 0.14828044525668715 32
1745251136923 0.15135404552251205 33
1745251151881 0.15243395912942348 34
1745251166713 0.1562551918923409 35
1745251181594 0.15409536467851803 36
1745251196630 0.15791659744143546 37
1745251211523 0.15691975411197873 38
1745251226531 0.16248546270144543 39
1745251241545 0.1680511712909121 40
1745251256644 0.1673866090712743 41
