1745250640865 4.4179440120931135 0
1745250656079 4.330625190811029 1
1745250671187 4.265405133623394 2
1745250686329 4.19463598131883 3
1745250701177 4.15555866138431 4
1745250716036 4.1287561194041835 5
1745250730803 4.107239032603452 6
1745250745806 4.060239084180838 7
1745250760966 4.032581054748433 8
1745250776304 4.012798917248451 9
1745250791529 3.9790136468365396 10
1745250806798 3.957409436635582 11
1745250821887 3.9415160692655125 12
1745250836900 3.9161658430861146 13
1745250851769 3.8985928301552657 14
1745250866784 3.8704350817950144 15
1745250881596 3.8571124798412733 16
1745250896348 3.839604181369446 17
1745250911348 3.82158348759767 18
1745250926176 3.8092688002371897 19
1745250940855 3.7977805815107835 20
1745250955878 3.777607237856746 21
1745250971033 3.763868690889991 22
1745250985994 3.7449642950469277 23
1745251001231 3.7232755454160826 24
1745251016266 3.7086155250223807 25
1745251031650 3.6904407829835466 26
1745251046748 3.6831486386479124 27
1745251061863 3.6648646226797146 28
1745251076757 3.6413329487440214 29
1745251091909 3.629768204067674 30
1745251106935 3.6274665528959265 31
1745251121971 3.605983442897404 32
1745251136923 3.5927253251017617 33
1745251151881 3.581355978431397 34
1745251166714 3.5665464093074823 35
1745251181595 3.5471507623046326 36
1745251196630 3.545286941448146 37
1745251211524 3.5255623479107943 38
1745251226531 3.509061580698447 39
1745251241546 3.4912797584910513 40
1745251256644 3.479044815781438 41
