1743805675642 0.06346373500856653 0
1743805687320 0.057609937178755 1
1743805698012 0.07766990291262135 2
1743805710358 0.12121644774414621 3
1743805721113 0.15676756139348944 4
1743805733296 0.17218732153055397 5
1743805744761 0.21887492861222158 6
1743805755729 0.2492147344374643 7
1743805767998 0.2547829811536265 8
1743805778415 0.32445745288406624 9
1743805788799 0.35829525985151345 10
1743805800990 0.34301827527127354 11
1743805812749 0.3450885208452313 12
1743805823578 0.34401770416904626 13
1743805834132 0.45424043403769276 14
1743805845031 0.5269845802398629 15
1743805856542 0.5153483723586522 16
1743805867979 0.5936607652769845 17
1743805879317 0.6157909765848086 18
1743805890335 0.6333523700742433 19
1743805902266 0.635422615648201 20
1743805913219 0.6966019417475728 21
1743805923745 0.6616933181039406 22
1743805934537 0.7084523129640206 23
1743805945560 0.7263706453455169 24
1743805957219 0.7277984009137636 25
1743805967985 0.7240862364363221 26
1743805980066 0.7385779554540263 27
1743805990670 0.7745573957738435 28
1743806001070 0.7631353512278698 29
1743806013518 0.7925471159337522 30
1743806023732 0.8116790405482581 31
1743806035309 0.8066818960593947 32
1743806047499 0.807181610508281 33
1743806058226 0.8682895488292405 34
1743806069284 0.8359508852084523 35
1743806080871 0.8700028555111365 36
