1743805675642 2.339522824773635 0
1743805687321 2.327066972259972 1
1743805698013 2.3092062539832536 2
1743805710359 2.2932649898187845 3
1743805721114 2.274872018783378 4
1743805733296 2.25201361492836 5
1743805744762 2.2284053002359188 6
1743805755730 2.221500537327236 7
1743805767999 2.2014282106713448 8
1743805778416 2.172681603640691 9
1743805788800 2.1469795576148467 10
1743805800991 2.1158842467238097 11
1743805812750 2.087804073937677 12
1743805823579 2.0629730521246445 13
1743805834133 2.0300168213136294 14
1743805845032 1.9922946978340421 15
1743805856543 1.9667584911868483 16
1743805867980 1.8993487535307787 17
1743805879318 1.8768157983935156 18
1743805890336 1.7978913717918192 19
1743805902266 1.7291140945311736 20
1743805913219 1.6674222234963092 21
1743805923745 1.656412721767835 22
1743805934538 1.558429107875005 23
1743805945561 1.4896907071947838 24
1743805957220 1.4129047262967167 25
1743805967986 1.3533619911598178 26
1743805980067 1.3035920885786387 27
1743805990671 1.2344407397327355 28
1743806001070 1.1800105389307565 29
1743806013518 1.1390987610134542 30
1743806023732 1.070739365221136 31
1743806035309 1.0306868676102865 32
1743806047499 0.9799600325778047 33
1743806058227 0.9321491497413843 34
1743806069284 0.9123318926592846 35
1743806080872 0.8608522028797214 36
