1744064380129 0.22784721247015868 0
1744064387982 0.41391658474933296 1
1744064394658 0.5251369189720545 2
1744064402733 0.600968965033001 3
1744064409355 0.6388147732060104 4
1744064417628 0.6725179047886533 5
1744064424044 0.6886673220053363 6
1744064432317 0.7050975986518747 7
1744064438798 0.7129616626878248 8
1744064447203 0.7202640078640641 9
1744064453857 0.7265833450358096 10
1744064462275 0.7322707484903805 11
1744064469472 0.7347984833590788 12
1744064477543 0.7380283668024153 13
1744064485348 0.7435051256845948 14
1744064492771 0.7452604971211908 15
1744064500935 0.7456817862659739 16
1744064507871 0.7484201657070636 17
1744064515990 0.7507372560033703 18
1744064522902 0.7529841314422132 19
1744064530994 0.7532649908720686 20
1744064537737 0.7550203623086645 21
1744064545840 0.7586013200393203 22
1744064552272 0.7593034686139587 23
1744064560303 0.7612694846229462 24
1744064566655 0.761760988625193 25
1744064574743 0.76225249262744 26
1744064581099 0.7656228057857043 27
1744064589329 0.7668866732200533 28
1744064595772 0.7665355989327342 29
1744064603913 0.769695267518607 30
1744064610432 0.7694846229462154 31
1744064618459 0.7710293498104199 32
1744064624901 0.7737677292515096 33
1744064633005 0.7730655806768713 34
1744064639617 0.7746805223985396 35
1744064647647 0.7768571829799186 36
1744064654710 0.7758039601179609 37
1744064662921 0.7769976126948462 38
1744064670578 0.7786827692739784 39
1744064678171 0.7793147029911529 40
1744064686193 0.7794551327060806 41
1744064693643 0.7794551327060806 42
1744064701732 0.7812105041426766 43
1744064708606 0.7807190001404297 44
1744064716428 0.7831765201516641 45
1744064723258 0.786265973880073 46
1744064731101 0.7863361887375369 47
1744064737939 0.7881617750315967 48
1744064745714 0.7901277910405842 49
1744064752407 0.7904788653279033 50
1744064760528 0.7912512287600056 51
1744064767156 0.7913916584749333 52
1744064775237 0.791532088189861 53
1744064781709 0.7913214436174695 54
1744064789799 0.7943406824884145 55
1744064796171 0.797219491644432 56
1744064804617 0.7948321864906615 57
1744064811342 0.7960960539250105 58
1744064819512 0.7996770116556663 59
1744064826095 0.7996067967982025 60
1744064834081 0.7997472265131301 61
1744064840582 0.8008706642325516 62
1744064848814 0.8026962505266114 63
1744064855445 0.8054346299677012 64
1744064863804 0.8065580676871226 65
1744064870903 0.8052942002527735 66
1744064879048 0.8083836539811824 67
1744064886296 0.8060665636848757 68
1744064894239 0.8074006459766887 69
1744064902249 0.811613537424519 70
1744064909586 0.8114731077095914 71
1744064917659 0.8119646117118382 72
1744064924718 0.8126667602864767 73
1744064932785 0.8128774048588682 74
1744064939726 0.8139306277208257 75
1744064947828 0.8156859991574217 76
1744064954665 0.8169498665917708 77
1744064962742 0.8177924448813368 78
1744064969583 0.8175818003089453 79
1744064977370 0.8189158826007583 80
1744064984272 0.819969105462716 81
1744064992187 0.8210223283246735 82
1744064998743 0.8216542620418481 83
1744065006838 0.8229181294761971 84
1744065013518 0.8222861957590226 85
1744065021391 0.822988344333661 86
1744065028067 0.8239713523381548 87
1744065036213 0.8252352197725039 88
1744065043003 0.8270608060665637 89
1744065051214 0.8260777980620699 90
1744065057877 0.8268501614941721 91
1744065065999 0.8275523100688106 92
1744065072609 0.8298694003651172 93
1744065080799 0.8312034826569302 94
1744065087427 0.8321864906614239 95
1744065095535 0.8293076815054066 96
1744065102181 0.8317652015166409 97
1744065110355 0.8299396152225811 98
1744065116985 0.8333801432383092 99
1744065125196 0.8349248701025137 100
1744065131846 0.8330992838084539 101
1744065140096 0.8359078781070074 102
1744065146770 0.8321864906614239 103
1744065154930 0.8335907878107007 104
1744065161593 0.836961100968965 105
1744065169810 0.8381547535458503 106
1744065176309 0.8383653981182418 107
1744065184318 0.837803679258531 108
1744065190914 0.8363291672517905 109
1744065199104 0.8379441089734588 110
1744065205773 0.8422974301362168 111
1744065213963 0.8418761409914338 112
1744065220638 0.8420165707063615 113
1744065228778 0.8406122735570847 114
1744065235388 0.8434208678556383 115
1744065243644 0.8447549501474512 116
1744065250307 0.8439123718578851 117
1744065258527 0.8425782895660722 118
1744065265257 0.8446145204325235 119
1744065273326 0.8469316107288303 120
1744065279800 0.8467911810139025 121
1744065287821 0.848335907878107 122
1744065294446 0.847914618733324 123
1744065302726 0.8478444038758601 124
1744065309368 0.8497402050273838 125
1744065317664 0.8500210644572391 126
1744065324290 0.8494593455975284 127
1744065332472 0.8491082713102093 128
1744065339102 0.8497402050273838 129
1744065347289 0.8516360061789074 130
1744065353792 0.8500210644572391 131
1744065362091 0.8505827833169499 132
1744065368629 0.8523381547535458 133
1744065376832 0.8527594438983289 134
1744065383356 0.8545850301923887 135
1744065391512 0.8532509479005758 136
1744065398064 0.8543743856199972 137
1744065406352 0.8548658896222441 138
1744065412954 0.8538828816177503 139
1744065421178 0.854023311332678 140
1744065427690 0.8548658896222441 141
1744065435944 0.8559893273416656 142
1744065442453 0.8564106164864486 143
1744065450679 0.8559893273416656 144
1744065457216 0.8576042690633338 145
1744065465426 0.8576042690633338 146
1744065472034 0.8576042690633338 147
1744065480164 0.8576042690633338 148
1744065486775 0.8572531947760146 149
1744065494892 0.8576744839207976 150
1744065501524 0.8591489959275382 151
1744065509832 0.8582362027805084 152
1744065516446 0.8609043673641342 153
1744065524673 0.8593596404999297 154
1744065531260 0.8615363010813089 155
1744065539691 0.8597809296447129 156
1744065546758 0.8599213593596405 157
1744065555088 0.8603426485044235 158
1744065562966 0.8609745822215981 159
1744065570535 0.861887375368628 160
1744065578732 0.8619575902260919 161
1744065585778 0.8631512428029771 162
1744065593774 0.861887375368628 163
1744065600765 0.8618171605111642 164
1744065608885 0.8630108130880494 165
1744065615897 0.8625193090858025 166
1744065623981 0.8645555399522539 167
1744065630904 0.864906614239573 168
1744065639077 0.8644151102373262 169
1744065645820 0.8646959696671815 170
1744065654001 0.8646257548097177 171
1744065660546 0.8646257548097177 172
1744065668958 0.8656789776716753 173
1744065675744 0.864906614239573 174
1744065684076 0.8675045639657352 175
1744065691317 0.8678556382530543 176
1744065699421 0.8658896222440668 177
1744065706991 0.8670832748209522 178
1744065714751 0.868417357112765 179
1744065722732 0.867153489678416 180
1744065730020 0.8672939193933437 181
1744065738150 0.8685577868276927 182
1744065745286 0.8682769273978374 183
1744065753409 0.8682769273978374 184
1744065760397 0.8696812245471142 185
1744065768440 0.8691897205448673 186
1744065775402 0.8691195056874035 187
1744065783517 0.869751439404578 188
1744065790485 0.8704535879792163 189
1744065798568 0.8713663811262463 190
1744065805397 0.8709450919814633 191
1744065813488 0.8711557365538548 192
1744065820353 0.8717174554135655 193
1744065828571 0.871506810841174 194
1744065835366 0.8722089594158123 195
1744065843553 0.872840893132987 196
1744065850355 0.871506810841174 197
1744065858481 0.8725600337031316 198
1744065865139 0.8725600337031316 199
1744065873344 0.8741047605673361 200
1744065879751 0.8742451902822638 201
1744065888165 0.8734728268501615 202
1744065894733 0.8741047605673361 203
1744065903123 0.8748069091419745 204
1744065910112 0.8760005617188598 205
1744065918263 0.8739643308524083 206
1744065925800 0.8738239011374807 207
1744065933734 0.8757899171464681 208
1744065941511 0.877194214295745 209
1744065949064 0.8748771239994383 210
1744065956966 0.8780367925853111 211
1744065964358 0.8755090577166128 212
1744065972592 0.8759303468613959 213
1744065979612 0.8757197022890043 214
1744065987743 0.8778963628703834 215
1744065994733 0.8776857182979918 216
1744066002950 0.8756494874315405 217
1744066009827 0.8788091560174133 218
1744066015583 0.8778261480129196 219
1744066023732 0.8774750737256003 220
1744066030489 0.8774750737256003 221
1744066038721 0.8772644291532088 222
1744066045641 0.8795113045920516 223
1744066053586 0.8769133548658896 224
1744066061176 0.8778963628703834 225
1744066068530 0.8781070074427749 226
1744066076649 0.8802836680241539 227
1744066082960 0.8805645274540093 228
1744066091696 0.8821794691756776 229
1744066098266 0.8809858165987923 230
1744066106272 0.8818986097458222 231
1744066113414 0.8804240977390816 232
1744066121068 0.8816177503159669 233
1744066128937 0.8804943125965454 234
1744066135713 0.8795113045920516 235
1744066144012 0.8806347423114731 236
1744066150449 0.8818283948883584 237
1744066158915 0.8840752703272012 238
1744066165750 0.8817581800308946 239
1744066173555 0.8826709731779244 240
1744066181072 0.8810560314562561 241
1744066188764 0.8832326920376352 242
1744066196773 0.8834433366100267 243
1744066203383 0.8839348406122736 244
1744066211858 0.8851284931891589 245
1744066218170 0.8854093526190142 246
1744066226856 0.8835837663249544 247
1744066233710 0.8823198988906052 248
1744066241895 0.8847072040443758 249
1744066249233 0.8853391377615504 250
1744066257214 0.8847774189018396 251
1744066265062 0.8837944108973459 252
1744066272452 0.8842157000421289 253
1744066280580 0.8839348406122736 254
1744066287052 0.885058278331695 255
1744066295478 0.8847774189018396 256
1744066302079 0.8861115011936526 257
1744066310222 0.887234938913074 258
1744066317379 0.8862519309085802 259
1744066325026 0.8864625754809717 260
1744066332860 0.8859008566212611 261
1744066339844 0.8853391377615504 262
1744066348020 0.8868838646257549 263
1744066354258 0.8863923606235079 264
1744066362769 0.8870242943406825 265
1744066369517 0.8878668726302485 266
1744066377943 0.8877264429153209 267
1744066385065 0.8877966577727847 268
1744066393033 0.8879370874877124 269
1744066400692 0.8871647240556102 270
1744066408511 0.8882179469175677 271
1744066416641 0.887656228057857 272
1744066424081 0.8882881617750316 273
1744066432222 0.8878668726302485 274
1744066438989 0.8882179469175677 275
1744066447256 0.8884988063474231 276
1744066453766 0.8886392360623508 277
1744066462415 0.8885690212048869 278
1744066469209 0.8889200954922062 279
1744066477723 0.889411599494453 280
1744066484691 0.8899031034966999 281
1744066492991 0.8895520292093807 282
1744066500189 0.8901839629265552 283
1744066508384 0.8904648223564107 284
1744066515847 0.8896924589243084 285
1744066523851 0.8905350372138745 286
1744066531732 0.8909563263586575 287
1744066539394 0.8915180452183682 288
1744066547535 0.8912371857885129 289
1744066554659 0.8916584749332959 290
1744066562804 0.892009549220615 291
1744066569172 0.8922904086504705 292
1744066577838 0.8921499789355427 293
1744066584734 0.8922201937930067 294
1744066593108 0.8917286897907597 295
1744066600200 0.8921499789355427 296
1744066608289 0.892922342367645 297
1744066615858 0.8928521275101812 298
1744066623709 0.8929925572251088 299
1744066631799 0.892501053222862 300
1744066638782 0.8936244909422834 301
1744066646963 0.8932032017975003 302
1744066653318 0.8939053503721387 303
1744066661908 0.8939053503721387 304
1744066668659 0.8940457800870665 305
1744066677153 0.8944670692318495 306
1744066684250 0.8943968543743857 307
1744066692637 0.894677713804241 308
1744066699886 0.8941862098019941 309
1744066708165 0.8943968543743857 310
1744066715638 0.8948883583766325 311
1744066723695 0.8949585732340963 312
1744066731414 0.8944670692318495 313
1744066739293 0.895520292093807 314
1744066747220 0.8955905069512708 315
1744066755031 0.8955905069512708 316
1744066763091 0.8953798623788793 317
1744066769921 0.8958011515236624 318
1744066778236 0.8962224406684455 319
1744066784727 0.8957309366661985 320
1744066793344 0.8962926555259093 321
1744066800242 0.896011796096054 322
1744066808403 0.8957309366661985 323
1744066815649 0.8966437298132285 324
1744066823775 0.896011796096054 325
1744066831425 0.8965033000983008 326
1744066839330 0.896433085240837 327
1744066847240 0.8965033000983008 328
1744066855045 0.8961522258109816 329
1744066863216 0.8966437298132285 330
1744066870761 0.8965735149557646 331
1744066879012 0.8969948041005477 332
1744066886065 0.89776716753265 333
1744066894231 0.8974863081027945 334
1744066900572 0.8974863081027945 335
1744066909240 0.8976969526751861 336
1744066916039 0.8976267378177222 337
1744066924203 0.8973458783878668 338
1744066931177 0.8974160932453307 339
1744066938904 0.8980480269625053 340
1744066946649 0.8979075972475776 341
1744066953848 0.898188456677433 342
1744066961979 0.8986799606796798 343
1744066968294 0.8981182418199691 344
1744066976854 0.8983991012498245 345
1744066983635 0.8983991012498245 346
1744066992060 0.8993118943968543 347
1744066999146 0.8991012498244628 348
1744067007166 0.8993821092543182 349
1744067014836 0.8995225389692459 350
1744067022791 0.8992416795393905 351
1744067030801 0.8995927538267098 352
1744067038102 0.8995927538267098 353
1744067046248 0.9000140429714928 354
1744067052646 0.8998736132565651 355
1744067061281 0.8995927538267098 356
1744067067925 0.8998033983991013 357
1744067076258 0.8997331835416374 358
1744067083139 0.8993118943968543 359
1744067091021 0.8998736132565651 360
1744067098297 0.9005055469737396 361
1744067106073 0.9006459766886673 362
1744067113957 0.9005055469737396 363
1744067121088 0.9009970509759865 364
1744067129079 0.9007161915461311 365
1744067135436 0.9008566212610588 366
1744067144019 0.9008566212610588 367
1744067150909 0.9005055469737396 368
1744067159464 0.9015587698356973 369
1744067166413 0.9014183401207696 370
1744067174383 0.9019800589804803 371
1744067181868 0.9021907035528718 372
1744067189613 0.901207695548378 373
1744067197471 0.9020502738379441 374
1744067204530 0.9019800589804803 375
1744067212724 0.9015587698356973 376
1744067219096 0.9010672658334503 377
1744067227806 0.9021907035528718 378
1744067234347 0.902120488695408 379
1744067243021 0.902541777840191 380
1744067249748 0.9022609184103356 381
1744067258301 0.9028928521275101 382
1744067265199 0.9021907035528718 383
1744067273667 0.9020502738379441 384
1744067280631 0.9027524224125825 385
1744067288931 0.9026119926976548 386
1744067296088 0.9026119926976548 387
1744067304323 0.9027524224125825 388
1744067311808 0.9026822075551186 389
1744067320051 0.902963066984974 390
1744067327540 0.9031034966999018 391
1744067335501 0.9031737115573656 392
1744067343353 0.9034545709872209 393
1744067351222 0.9037354304170763 394
1744067359362 0.9035950007021486 395
1744067366639 0.9030332818424378 396
1744067374812 0.9033141412722933 397
1744067381179 0.9033141412722933 398
1744067389744 0.9039460749894678 399
1744067396406 0.9041567195618593 400
1744067404659 0.904297149276787 401
1744067411658 0.9042269344193231 402
1744067419393 0.9043673641342508 403
1744067427124 0.9045077938491785 404
1744067434467 0.9039460749894678 405
1744067442547 0.9041567195618593 406
1744067448937 0.9046482235641061 407
1744067457418 0.904297149276787 408
1744067464002 0.9049290829939616 409
1744067472538 0.9049290829939616 410
1744067479465 0.9048588681364976 411
1744067487267 0.90471843842157 412
1744067494839 0.9050695127088892 413
1744067502238 0.9045077938491785 414
1744067510322 0.9049992978514254 415
1744067516741 0.9052099424238169 416
1744067525351 0.9053503721387446 417
1744067532073 0.9052099424238169 418
1744067540500 0.9056312315685999 419
1744067547504 0.9059823058559191 420
1744067555365 0.9054908018536723 421
1744067562850 0.9064035950007021 422
1744067570472 0.9058418761409914 423
1744067578433 0.9061227355708468 424
1744067585058 0.9066844544305575 425
1744067593391 0.9062631652857744 426
1744067599922 0.9063333801432383 427
1744067608583 0.9061227355708468 428
1744067615579 0.9068950990029491 429
1744067623795 0.9060525207133829 430
1744067630870 0.9066142395730936 431
1744067638673 0.9068248841454852 432
1744067646379 0.9071057435753406 433
1744067653830 0.9075270327201236 434
1744067661842 0.9073163881477321 435
1744067668186 0.9071759584328044 436
1744067676715 0.9069653138604129 437
1744067683376 0.9073866030051959 438
1744067691439 0.9070355287178767 439
1744067698550 0.9075972475775874 440
1744067706286 0.9073163881477321 441
1744067714036 0.9080887515798343 442
1744067721685 0.9075972475775874 443
1744067729787 0.9075270327201236 444
1744067736459 0.9071057435753406 445
1744067744760 0.9082993961522258 446
1744067751341 0.9079483218649066 447
1744067759984 0.9080185367223704 448
1744067767041 0.9079483218649066 449
1744067775121 0.9083696110096896 450
1744067782590 0.9083696110096896 451
1744067790388 0.9079483218649066 452
1744067798338 0.9077376772925151 453
1744067805499 0.9078781070074428 454
1744067813590 0.908650470439545 455
1744067819937 0.9085802555820812 456
1744067828538 0.908650470439545 457
1744067835361 0.9087206852970089 458
1744067843841 0.9082993961522258 459
1744067850817 0.9082993961522258 460
1744067859106 0.9090717595843281 461
1744067866170 0.9080887515798343 462
1744067874450 0.9094228338716472 463
1744067881696 0.9094930487291111 464
1744067889710 0.9089313298694004 465
1744067897510 0.9094228338716472 466
1744067905435 0.9090717595843281 467
1744067913467 0.9095632635865749 468
1744067921157 0.9089313298694004 469
1744067929166 0.9085100407246173 470
1744067935957 0.9085100407246173 471
1744067944442 0.9094930487291111 472
1744067950794 0.9092824041567196 473
1744067959498 0.9090015447268642 474
1744067966335 0.9097036933015026 475
1744067974710 0.9096334784440387 476
1744067981796 0.9095632635865749 477
1744067989912 0.9097739081589664 478
1744067997494 0.9098441230164303 479
1744068005238 0.9102654121612133 480
1744068013226 0.9099143378738941 481
1744068020131 0.910405841876141 482
1744068028557 0.9105462715910687 483
1744068034894 0.9107569161634602 484
1744068043564 0.9104760567336049 485
1744068050144 0.9102654121612133 486
1744068058698 0.9101249824462856 487
1744068065487 0.9102654121612133 488
1744068074045 0.9101951973037494 489
1744068080978 0.9104760567336049 490
1744068089395 0.9105462715910687 491
1744068096403 0.9103356270186772 492
1744068104466 0.9110377755933156 493
1744068111931 0.9105462715910687 494
1744068119844 0.910827131020924 495
1744068127904 0.9101249824462856 496
1744068135288 0.9104760567336049 497
1744068143448 0.9108973458783879 498
1744068150569 0.9107569161634602 499
1744068158797 0.9115994944530262 500
1744068165134 0.9110377755933156 501
1744068173736 0.9108973458783879 502
1744068180637 0.9108973458783879 503
1744068189234 0.9111079904507794 504
1744068196223 0.9113888498806347 505
1744068204345 0.9113186350231709 506
1744068211918 0.9111079904507794 507
1744068219960 0.9113888498806347 508
1744068227810 0.9117399241679539 509
1744068235604 0.9115994944530262 510
1744068243650 0.9111079904507794 511
1744068250894 0.9114590647380986 512
1744068259104 0.9117399241679539 513
1744068265379 0.9111782053082432 514
1744068273961 0.9112484201657071 515
1744068280663 0.9112484201657071 516
1744068288715 0.9113888498806347 517
1744068295776 0.9117399241679539 518
1744068303634 0.9118101390254177 519
1744068311123 0.9114590647380986 520
1744068318888 0.9116697093104901 521
1744068326836 0.9116697093104901 522
1744068334201 0.9115994944530262 523
1744068342203 0.9112484201657071 524
1744068348662 0.9111782053082432 525
1744068357166 0.9118803538828816 526
1744068363584 0.9120909984552731 527
1744068372053 0.9114590647380986 528
1744068378813 0.9115292795955624 529
1744068387051 0.9116697093104901 530
1744068393848 0.9115292795955624 531
1744068401759 0.9118101390254177 532
1744068409255 0.9119505687403454 533
1744068416907 0.9117399241679539 534
1744068424930 0.9120207835978092 535
1744068431727 0.9115994944530262 536
1744068439935 0.9115994944530262 537
1744068446243 0.9118803538828816 538
1744068454866 0.9118101390254177 539
1744068461521 0.9124420727425924 540
1744068470081 0.9122314281702009 541
1744068477104 0.912161213312737 542
1744068485379 0.9120207835978092 543
1744068492463 0.9129335767448392 544
1744068500216 0.9122314281702009 545
1744068507973 0.9127931470299115 546
1744068515419 0.91258250245752 547
1744068523565 0.9123016430276647 548
1744068529871 0.9123718578851285 549
1744068538359 0.9127931470299115 550
1744068544918 0.9131442213172307 551
1744068553031 0.9127229321724477 552
1744068560062 0.9127931470299115 553
1744068567714 0.9128633618873754 554
1744068575488 0.9125122876000562 555
1744068582459 0.913003791602303 556
1744068590632 0.9129335767448392 557
1744068596857 0.9132846510321584 558
1744068605344 0.9132144361746946 559
1744068612197 0.9135655104620137 560
1744068620074 0.9140570144642607 561
1744068627454 0.9129335767448392 562
1744068635170 0.9128633618873754 563
1744068643040 0.9139165847493329 564
1744068650736 0.9138463698918691 565
1744068658727 0.9136357253194776 566
1744068665405 0.9134952956045499 567
1744068673833 0.9131442213172307 568
1744068680067 0.9134250807470861 569
1744068688679 0.9134952956045499 570
1744068695277 0.9137059401769414 571
1744068703668 0.9137761550344052 572
1744068710569 0.9136357253194776 573
1744068718652 0.9133548658896222 574
1744068725810 0.9141974441791884 575
1744068733779 0.9137761550344052 576
1744068741092 0.9139165847493329 577
1744068748929 0.914337873894116 578
1744068756621 0.9141272293217245 579
1744068764434 0.9140570144642607 580
1744068772483 0.9142676590366522 581
1744068780214 0.9138463698918691 582
1744068788316 0.9142676590366522 583
1744068795718 0.9142676590366522 584
1744068804006 0.9141974441791884 585
1744068810797 0.9141272293217245 586
1744068819161 0.914759163038899 587
1744068825765 0.9148995927538267 588
1744068834266 0.9146889481814352 589
1744068841232 0.914337873894116 590
1744068849374 0.9141272293217245 591
1744068856681 0.9144783036090437 592
1744068864646 0.9139867996067969 593
1744068872472 0.9146187333239714 594
1744068880118 0.9141974441791884 595
1744068888145 0.9145485184665075 596
1744068895021 0.9144783036090437 597
1744068903287 0.914759163038899 598
1744068909812 0.914337873894116 599
1744068918427 0.9148995927538267 600
1744068925466 0.9141974441791884 601
1744068933619 0.9145485184665075 602
1744068940853 0.9144080887515799 603
1744068948777 0.9145485184665075 604
1744068956565 0.914337873894116 605
1744068963711 0.9148995927538267 606
1744068971841 0.9146889481814352 607
1744068978097 0.9146889481814352 608
1744068986471 0.9144080887515799 609
1744068993205 0.9153208818986097 610
1744069001053 0.9141974441791884 611
1744069008490 0.915180452183682 612
1744069016178 0.9148293778963629 613
1744069024107 0.9146889481814352 614
1744069030881 0.9148995927538267 615
1744069039034 0.9148293778963629 616
1744069045401 0.915180452183682 617
1744069053818 0.914759163038899 618
1744069060852 0.9148995927538267 619
1744069068638 0.9154613116135374 620
1744069076120 0.916093245330712 621
1744069083680 0.9153910967560736 622
1744069091619 0.9156017413284651 623
1744069098296 0.9153208818986097 624
1744069106511 0.9152506670411459 625
1744069112954 0.9152506670411459 626
1744069121375 0.9152506670411459 627
1744069128228 0.9156017413284651 628
1744069135975 0.9152506670411459 629
1744069143571 0.9159528156157843 630
1744069151375 0.9153208818986097 631
1744069159275 0.9156719561859289 632
1744069166740 0.9156017413284651 633
1744069174801 0.9157421710433927 634
1744069181498 0.915180452183682 635
1744069189946 0.9156017413284651 636
1744069196235 0.9158826007583205 637
1744069204757 0.9162336750456397 638
1744069211507 0.9162336750456397 639
1744069220045 0.916514534475495 640
1744069227166 0.9167953939053504 641
1744069235555 0.9165847493329589 642
1744069242652 0.9163741047605674 643
1744069250371 0.9163741047605674 644
1744069258209 0.9161634601881758 645
1744069265555 0.9162336750456397 646
1744069273603 0.9164443196180312 647
1744069280000 0.916514534475495 648
1744069288508 0.9167251790478865 649
1744069295118 0.9168656087628142 650
1744069303401 0.9162336750456397 651
1744069310425 0.9161634601881758 652
1744069318549 0.9166549641904227 653
1744069326097 0.9168656087628142 654
1744069333891 0.9168656087628142 655
1744069341898 0.9165847493329589 656
1744069349287 0.9166549641904227 657
1744069357455 0.9168656087628142 658
1744069364264 0.9167251790478865 659
1744069372595 0.9166549641904227 660
1744069378950 0.9168656087628142 661
1744069387484 0.9168656087628142 662
1744069394067 0.9165847493329589 663
1744069402499 0.9162336750456397 664
1744069409338 0.9167953939053504 665
1744069417881 0.9168656087628142 666
1744069424906 0.9166549641904227 667
1744069432943 0.9166549641904227 668
1744069440271 0.9158826007583205 669
1744069448166 0.9167953939053504 670
1744069455901 0.9171464681926695 671
1744069463706 0.9170060384777419 672
1744069471617 0.9172868979075972 673
1744069478911 0.9172166830501334 674
1744069487070 0.9168656087628142 675
1744069493800 0.9175677573374525 676
1744069502196 0.9174975424799887 677
1744069508791 0.9172868979075972 678
1744069517350 0.9172166830501334 679
1744069524307 0.9176379721949165 680
1744069532389 0.9172166830501334 681
1744069539723 0.9174975424799887 682
1744069547683 0.9176379721949165 683
1744069555578 0.917848616767308 684
1744069562943 0.9177784019098442 685
1744069570970 0.9172868979075972 686
1744069577607 0.917357112765061 687
1744069586014 0.9177784019098442 688
1744069592584 0.9175677573374525 689
1744069601182 0.917357112765061 690
1744069608063 0.9176379721949165 691
1744069616286 0.917357112765061 692
1744069623614 0.9174975424799887 693
1744069631383 0.9176379721949165 694
1744069639030 0.9177784019098442 695
1744069646763 0.917848616767308 696
1744069654840 0.917357112765061 697
1744069661562 0.9175677573374525 698
1744069670118 0.9171464681926695 699
1744069676371 0.9174975424799887 700
1744069684949 0.9176379721949165 701
1744069691563 0.9174273276225249 702
1744069699854 0.917848616767308 703
1744069706698 0.9177784019098442 704
1744069714753 0.9176379721949165 705
1744069721739 0.9176379721949165 706
1744069729727 0.9177784019098442 707
1744069737024 0.9175677573374525 708
1744069744849 0.9170060384777419 709
1744069752630 0.9174975424799887 710
1744069760466 0.9170060384777419 711
1744069768272 0.9174975424799887 712
1744069775644 0.9177081870523803 713
1744069783702 0.9174975424799887 714
1744069790549 0.9172868979075972 715
1744069798774 0.917848616767308 716
1744069805033 0.9177081870523803 717
1744069813610 0.9172166830501334 718
1744069820243 0.9174975424799887 719
1744069828716 0.9177784019098442 720
1744069835468 0.9176379721949165 721
1744069843414 0.917848616767308 722
1744069850735 0.9177784019098442 723
1744069858487 0.917848616767308 724
1744069866338 0.9180592613396995 725
1744069873512 0.9179890464822357 726
1744069881563 0.9176379721949165 727
1744069887790 0.9172166830501334 728
1744069896356 0.9174273276225249 729
1744069903169 0.9174975424799887 730
1744069911135 0.9172868979075972 731
1744069918384 0.9172868979075972 732
1744069926453 0.917357112765061 733
1744069934288 0.9171464681926695 734
1744069942063 0.917357112765061 735
1744069949891 0.9170762533352057 736
1744069957187 0.917357112765061 737
1744069965236 0.9175677573374525 738
1744069971634 0.9177784019098442 739
1744069980278 0.9175677573374525 740
1744069986999 0.9179890464822357 741
1744069995574 0.917848616767308 742
1744070002556 0.9180592613396995 743
1744070010694 0.9177081870523803 744
1744070018253 0.9175677573374525 745
1744070026317 0.9176379721949165 746
1744070034002 0.9172166830501334 747
1744070041732 0.9174273276225249 748
1744070049836 0.9176379721949165 749
1744070056929 0.9177784019098442 750
1744070065128 0.9174273276225249 751
1744070071456 0.9177784019098442 752
1744070079871 0.9179188316247718 753
1744070086640 0.9177081870523803 754
1744070095246 0.9172166830501334 755
1744070102151 0.9172868979075972 756
1744070110480 0.9175677573374525 757
1744070117572 0.9174975424799887 758
1744070125478 0.9174975424799887 759
1744070132967 0.9174273276225249 760
1744070140785 0.9176379721949165 761
1744070148769 0.9175677573374525 762
1744070155794 0.9179188316247718 763
1744070164168 0.9180592613396995 764
1744070170483 0.9177081870523803 765
1744070179036 0.9177081870523803 766
1744070185484 0.9176379721949165 767
1744070193861 0.9179188316247718 768
1744070200690 0.9177081870523803 769
1744070208640 0.9175677573374525 770
1744070215792 0.9179890464822357 771
1744070224092 0.917848616767308 772
1744070231374 0.9177784019098442 773
1744070238959 0.9180592613396995 774
1744070247012 0.9177784019098442 775
1744070254102 0.9175677573374525 776
1744070262502 0.9180592613396995 777
1744070268981 0.9177081870523803 778
1744070277580 0.9177784019098442 779
1744070283910 0.9175677573374525 780
1744070292236 0.9177784019098442 781
1744070299066 0.917848616767308 782
1744070307089 0.917848616767308 783
1744070314242 0.9181294761971633 784
1744070322223 0.9180592613396995 785
1744070329884 0.9174975424799887 786
1744070337642 0.9176379721949165 787
1744070345726 0.9179188316247718 788
1744070352259 0.9180592613396995 789
1744070360578 0.917848616767308 790
1744070367142 0.9179890464822357 791
1744070375396 0.9177081870523803 792
1744070382278 0.918269905912091 793
1744070390117 0.917848616767308 794
1744070397716 0.917848616767308 795
1744070405243 0.9177081870523803 796
1744070413452 0.9179890464822357 797
1744070420476 0.9179188316247718 798
1744070428598 0.9180592613396995 799
1744070435122 0.9179188316247718 800
1744070443607 0.9177081870523803 801
1744070450380 0.9179188316247718 802
1744070458946 0.9177081870523803 803
1744070465740 0.9179890464822357 804
1744070473726 0.9176379721949165 805
1744070480722 0.9179890464822357 806
1744070488723 0.918269905912091 807
1744070496273 0.918269905912091 808
1744070503991 0.918269905912091 809
1744070511811 0.9179188316247718 810
1744070519336 0.9181996910546272 811
1744070527387 0.9184805504844825 812
1744070533903 0.918269905912091 813
1744070542361 0.9177784019098442 814
1744070549005 0.917848616767308 815
1744070557621 0.9181294761971633 816
1744070564612 0.917848616767308 817
1744070573002 0.918269905912091 818
1744070579986 0.9181996910546272 819
1744070587654 0.9181996910546272 820
1744070595341 0.9181996910546272 821
1744070602709 0.9180592613396995 822
1744070610797 0.9180592613396995 823
1744070617364 0.917848616767308 824
1744070625896 0.918269905912091 825
1744070632223 0.9181996910546272 826
1744070640848 0.9181996910546272 827
1744070647668 0.9188316247718017 828
1744070655993 0.9184805504844825 829
1744070663260 0.9186209801994102 830
1744070671358 0.9185507653419464 831
1744070679056 0.9187614099143379 832
1744070686525 0.9185507653419464 833
1744070694596 0.918269905912091 834
1744070701126 0.9188316247718017 835
1744070709641 0.9186209801994102 836
1744070716194 0.9186209801994102 837
1744070724517 0.9187614099143379 838
1744070731556 0.918691195056874 839
1744070739605 0.9187614099143379 840
1744070747267 0.9190422693441932 841
1744070755016 0.9188316247718017 842
1744070763162 0.9190422693441932 843
1744070770275 0.9189720544867294 844
1744070778475 0.9191826990591209 845
1744070784825 0.9186209801994102 846
1744070793288 0.918691195056874 847
1744070800067 0.919112484201657 848
1744070807923 0.9190422693441932 849
1744070815246 0.9189018396292655 850
1744070823044 0.9189720544867294 851
1744070830960 0.9191826990591209 852
1744070838218 0.9191826990591209 853
1744070846424 0.9193933436315125 854
1744070852781 0.9192529139165847 855
1744070861488 0.9193231287740485 856
1744070868125 0.9192529139165847 857
1744070876601 0.919603988203904 858
1744070883613 0.9195337733464402 859
1744070891625 0.9196742030613678 860
1744070899234 0.9192529139165847 861
1744070906957 0.9193231287740485 862
1744070914902 0.9192529139165847 863
1744070921670 0.9196742030613678 864
1744070930055 0.9195337733464402 865
1744070936592 0.9195337733464402 866
1744070945171 0.9194635584889763 867
1744070951993 0.9198146327762955 868
1744070960457 0.9199550624912232 869
1744070967424 0.9193933436315125 870
1744070975601 0.919603988203904 871
1744070982975 0.9196742030613678 872
1744070990935 0.919603988203904 873
1744070998799 0.9194635584889763 874
1744071006292 0.9194635584889763 875
1744071014499 0.9198848476337593 876
1744071020830 0.9198848476337593 877
1744071029374 0.9197444179188317 878
1744071036085 0.9195337733464402 879
1744071044675 0.9197444179188317 880
1744071051585 0.919603988203904 881
1744071059496 0.9194635584889763 882
1744071066901 0.9199550624912232 883
1744071074635 0.9200954922061508 884
1744071082581 0.920025277348687 885
1744071089278 0.9199550624912232 886
1744071097578 0.9200954922061508 887
1744071104168 0.920025277348687 888
1744071112805 0.9195337733464402 889
1744071119797 0.9198146327762955 890
1744071128040 0.9198146327762955 891
1744071135144 0.9198146327762955 892
1744071143103 0.9199550624912232 893
1744071150952 0.9199550624912232 894
1744071158445 0.9196742030613678 895
1744071166523 0.9200954922061508 896
1744071172820 0.9203763516360062 897
1744071181546 0.9200954922061508 898
1744071188102 0.9198848476337593 899
1744071196758 0.9202359219210785 900
1744071203455 0.9202359219210785 901
1744071211619 0.9203061367785423 902
1744071218576 0.9203763516360062 903
1744071226346 0.9200954922061508 904
1744071233969 0.9198848476337593 905
1744071241548 0.920025277348687 906
1744071249473 0.9201657070636147 907
1744071256283 0.920025277348687 908
1744071264518 0.9198146327762955 909
1744071270797 0.9195337733464402 910
1744071279217 0.9198848476337593 911
1744071285870 0.9199550624912232 912
1744071293900 0.920025277348687 913
1744071301193 0.920025277348687 914
1744071309326 0.9198146327762955 915
1744071316968 0.9200954922061508 916
1744071324709 0.9199550624912232 917
1744071332628 0.920025277348687 918
1744071339251 0.9203763516360062 919
1744071347597 0.92044656649347 920
1744071354089 0.9198848476337593 921
1744071362567 0.9199550624912232 922
1744071369629 0.9203763516360062 923
1744071377590 0.9196742030613678 924
1744071384892 0.9203763516360062 925
1744071392531 0.9209380704957169 926
1744071400572 0.92044656649347 927
1744071407463 0.9201657070636147 928
1744071415637 0.9205167813509338 929
1744071421881 0.9203763516360062 930
1744071430454 0.9200954922061508 931
1744071437094 0.9199550624912232 932
1744071445730 0.9203763516360062 933
1744071452721 0.92044656649347 934
1744071460774 0.9205167813509338 935
1744071468218 0.9206572110658615 936
1744071476102 0.9205869962083977 937
1744071484043 0.9207976407807892 938
1744071491066 0.9205167813509338 939
1744071499327 0.920867855638253 940
1744071505578 0.9206572110658615 941
1744071514173 0.9203061367785423 942
1744071521056 0.9198848476337593 943
1744071529188 0.9209380704957169 944
1744071536372 0.920867855638253 945
1744071544195 0.9207274259233253 946
1744071552191 0.92044656649347 947
1744071559428 0.9201657070636147 948
1744071567773 0.9203763516360062 949
1744071574689 0.92044656649347 950
1744071582951 0.9210082853531807 951
1744071589400 0.9205869962083977 952
1744071598088 0.92044656649347 953
1744071604999 0.9207274259233253 954
1744071613194 0.920025277348687 955
1744071620578 0.9207274259233253 956
1744071628597 0.9207274259233253 957
1744071636318 0.9210082853531807 958
1744071644132 0.9205869962083977 959
1744071652169 0.9212189299255723 960
1744071659301 0.9207274259233253 961
1744071667635 0.920867855638253 962
1744071674217 0.9207274259233253 963
1744071682836 0.9209380704957169 964
1744071689247 0.9205869962083977 965
1744071697739 0.9209380704957169 966
1744071704481 0.920867855638253 967
1744071712825 0.9207274259233253 968
1744071719965 0.9206572110658615 969
1744071727931 0.9210785002106445 970
1744071735641 0.9210785002106445 971
1744071743424 0.920867855638253 972
1744071751442 0.9205869962083977 973
1744071758395 0.920867855638253 974
1744071766714 0.9207274259233253 975
1744071773191 0.920867855638253 976
1744071781781 0.920867855638253 977
1744071788689 0.9211487150681084 978
1744071796487 0.9207274259233253 979
1744071803763 0.9206572110658615 980
1744071811747 0.920867855638253 981
1744071819592 0.9211487150681084 982
1744071826636 0.9210082853531807 983
1744071834745 0.9215700042128915 984
1744071840984 0.9211487150681084 985
1744071849577 0.9212891447830361 986
1744071856184 0.9209380704957169 987
1744071864491 0.9212891447830361 988
1744071871426 0.9210082853531807 989
1744071879517 0.9212189299255723 990
1744071886873 0.9210082853531807 991
1744071894748 0.9212891447830361 992
1744071902650 0.9213593596405 993
1744071909985 0.9212189299255723 994
1744071918137 0.9209380704957169 995
1744071924510 0.9209380704957169 996
1744071933063 0.9211487150681084 997
1744071939813 0.9209380704957169 998
1744071948071 0.9211487150681084 999
1744071955298 0.9213593596405 1000
