1744064380129 2.2198708204592146 0
1744064387983 2.0733214786177006 1
1744064394659 1.9353571256944155 2
1744064402734 1.7995505244319505 3
1744064409356 1.6721820013011084 4
1744064417629 1.5553509686124678 5
1744064424045 1.4479054750952818 6
1744064432317 1.354750103383286 7
1744064438798 1.2721808951901286 8
1744064447203 1.2016972581949383 9
1744064453858 1.1389182053580698 10
1744064462276 1.0852288470056441 11
1744064469473 1.0377474616649975 12
1744064477543 0.9972152846828369 13
1744064485349 0.9596071702689521 14
1744064492771 0.9274743302419722 15
1744064500936 0.8992767736144643 16
1744064507871 0.8748354250409162 17
1744064515991 0.8517236454146249 18
1744064522902 0.8319303051279513 19
1744064530994 0.8131582587704963 20
1744064537738 0.7957174861339129 21
1744064545841 0.7814014858413546 22
1744064552272 0.7685956505986004 23
1744064560303 0.7550088268859495 24
1744064566655 0.7437223973719947 25
1744064574744 0.7327470166979257 26
1744064581100 0.722334173507112 27
1744064589329 0.7133503146602814 28
1744064595773 0.7041297946570508 29
1744064603914 0.6963161906536333 30
1744064610433 0.687769101366454 31
1744064618459 0.6809075638825737 32
1744064624902 0.6741757865573769 33
1744064633006 0.6681298338074525 34
1744064639618 0.660550322535795 35
1744064647648 0.6541989857964421 36
1744064654711 0.6481762938334649 37
1744064662922 0.642702019514869 38
1744064670579 0.6373865919525276 39
1744064678172 0.6336685656328873 40
1744064686194 0.62838559451117 41
1744064693644 0.6232147588631751 42
1744064701732 0.6182205873414799 43
1744064708607 0.615254019607758 44
1744064716428 0.6099527327793619 45
1744064723259 0.6065166152785126 46
1744064731102 0.6017866770042894 47
1744064737939 0.5968960352219556 48
1744064745714 0.5932308529056125 49
1744064752408 0.5902276321798254 50
1744064760528 0.5864122357561626 51
1744064767157 0.583673574305256 52
1744064775238 0.5794540217309999 53
1744064781710 0.5777192842990088 54
1744064789800 0.5725298053550811 55
1744064796171 0.5694958996830543 56
1744064804618 0.5664823400938234 57
1744064811342 0.5634450485578213 58
1744064819513 0.559695285353189 59
1744064826095 0.5569915547299097 60
1744064834082 0.5551409858646866 61
1744064840582 0.5528250077256255 62
1744064848815 0.5487642808214851 63
1744064855446 0.5458836646129337 64
1744064863804 0.5439449911262246 65
1744064870904 0.5413933262865623 66
1744064879049 0.538922390515262 67
1744064886296 0.53634676541772 68
1744064894240 0.5335893838317725 69
1744064902250 0.5310522584989947 70
1744064909586 0.5287217641583755 71
1744064917660 0.5262804884912645 72
1744064924719 0.524527663939436 73
1744064932786 0.5218595327834344 74
1744064939727 0.520668602298399 75
1744064947828 0.5180294250833835 76
1744064954666 0.5153023795481178 77
1744064962743 0.5131969461147406 78
1744064969584 0.5112337676276054 79
1744064977370 0.509306741746396 80
1744064984273 0.5071950682147751 81
1744064992188 0.505544469290396 82
1744064998743 0.5027445806853849 83
1744065006839 0.5007105125900503 84
1744065013518 0.49944848716104745 85
1744065021392 0.49755109568019046 86
1744065028068 0.4957785518774572 87
1744065036214 0.4932140674915865 88
1744065043003 0.49130860048192143 89
1744065051214 0.4898452474978456 90
1744065057878 0.4874990567171961 91
1744065065999 0.4861973095678232 92
1744065072610 0.4838424810971248 93
1744065080800 0.48205770950648025 94
1744065087427 0.48031342662311705 95
1744065095536 0.4791780729329716 96
1744065102181 0.47714228537163295 97
1744065110356 0.47607428160305515 98
1744065116986 0.47333137184718393 99
1744065125197 0.471746207655136 100
1744065131846 0.4712551843813897 101
1744065140097 0.46848703885178206 102
1744065146770 0.46931305398786627 103
1744065154931 0.4666936131418256 104
1744065161593 0.46443727512877386 105
1744065169811 0.46204950240329007 106
1744065176309 0.46065200682545077 107
1744065184319 0.45994885173141914 108
1744065190914 0.459485443849986 109
1744065199105 0.4573292081903736 110
1744065205774 0.4540495019500387 111
1744065213964 0.4537030158108866 112
1744065220639 0.4520160358979542 113
1744065228779 0.4514721600739708 114
1744065235389 0.4488641612797747 115
1744065243645 0.44643802196453536 116
1744065250308 0.44563448281696466 117
1744065258528 0.4454032605172638 118
1744065265258 0.4431641574270386 119
1744065273326 0.4408772305485353 120
1744065279800 0.4395479055221632 121
1744065287822 0.43789592547567957 122
1744065294446 0.43714590260629105 123
1744065302726 0.43575450722852105 124
1744065309369 0.43384977062593894 125
1744065317664 0.43319994852035526 126
1744065324290 0.4321274722896256 127
1744065332473 0.4305346062667731 128
1744065339102 0.4293344458385004 129
1744065347289 0.4270124428520081 130
1744065353793 0.4268054512131583 131
1744065362091 0.42527452797312365 132
1744065368630 0.4231454760274688 133
1744065376833 0.42202856267237804 134
1744065383357 0.4204651597182081 135
1744065391512 0.42024422483623897 136
1744065398064 0.417987801592491 137
1744065406353 0.4170164396019546 138
1744065412955 0.4158214539447324 139
1744065421179 0.415907085155325 140
1744065427691 0.41391151802957554 141
1744065435945 0.4121100895895428 142
1744065442454 0.4115975671056914 143
1744065450679 0.4107377200268045 144
1744065457217 0.40813539952795047 145
1744065465427 0.40754738517668965 146
1744065472035 0.4059184575485391 147
1744065480165 0.40518966789845373 148
1744065486776 0.40428003340731844 149
1744065494892 0.4038129817281965 150
1744065501525 0.40194336658903906 151
1744065509833 0.4018627494430205 152
1744065516447 0.3989967353157832 153
1744065524673 0.39883217556711825 154
1744065531261 0.39682898015178614 155
1744065539691 0.3961918924408149 156
1744065546759 0.39582853223083747 157
1744065555088 0.3941293465664304 158
1744065562967 0.3932926291091525 159
1744065570536 0.39149939572221587 160
1744065578733 0.3910556370997197 161
1744065585779 0.38900988651061796 162
1744065593774 0.38883115536307694 163
1744065600765 0.3888634826271742 164
1744065608886 0.3870290181641715 165
1744065615897 0.38592097984006185 166
1744065623982 0.3849881765382347 167
1744065630905 0.3826113037752361 168
1744065639078 0.3820411230975339 169
1744065645821 0.38127194152632754 170
1744065654001 0.38024782506225263 171
1744065660546 0.3793031620651409 172
1744065668959 0.37806917642965493 173
1744065675744 0.3779165954816383 174
1744065684076 0.37570974086808334 175
1744065691318 0.3743470236132519 176
1744065699422 0.3743137706538684 177
1744065706992 0.37265308851179146 178
1744065714752 0.37148929727610824 179
1744065722733 0.37107171912166786 180
1744065730020 0.3710621275671553 181
1744065738151 0.37026275066018954 182
1744065745287 0.3688223985344886 183
1744065753409 0.36708213735133255 184
1744065760398 0.3664932802241566 185
1744065768441 0.36575329705217646 186
1744065775403 0.36449320057913 187
1744065783518 0.3640519198030321 188
1744065790486 0.3620940146376555 189
1744065798569 0.3615459862261826 190
1744065805397 0.3600891872967192 191
1744065813489 0.3596380794043831 192
1744065820354 0.3586142146294013 193
1744065828571 0.35838349017483945 194
1744065835367 0.35686433847380356 195
1744065843554 0.35569141921773534 196
1744065850356 0.35530023081018663 197
1744065858481 0.35464218259258706 198
1744065865140 0.3539285708042251 199
1744065873345 0.35220203513475706 200
1744065879751 0.35121665113278117 201
1744065888165 0.3507399587694267 202
1744065894734 0.3497440273855409 203
1744065903123 0.34881991941352375 204
1744065910113 0.34729631889268175 205
1744065918263 0.3475856820156948 206
1744065925801 0.3467308844674532 207
1744065933734 0.34508756527828105 208
1744065941512 0.3441305959980417 209
1744065949064 0.3442239366648286 210
1744065956966 0.3428539229189814 211
1744065964359 0.342614030529465 212
1744065972592 0.341542838588293 213
1744065979613 0.34193786117934066 214
1744065987744 0.3399622627192724 215
1744065994733 0.33890931263322627 216
1744066002951 0.3399054909820395 217
1744066009827 0.337102527538201 218
1744066015583 0.3364663002182315 219
1744066023732 0.33620474198200745 220
1744066030490 0.3358099634258496 221
1744066038722 0.3344170046447135 222
1744066045641 0.3327605125527212 223
1744066053587 0.33314015197548535 224
1744066061176 0.33307213071572356 225
1744066068531 0.3318453240537656 226
1744066076649 0.3298906100555937 227
1744066082961 0.32922300778619656 228
1744066091697 0.3281958156890714 229
1744066098267 0.3275991634979314 230
1744066106272 0.32687374492492804 231
1744066113414 0.32611093545473574 232
1744066121068 0.325459388307461 233
1744066128938 0.32558456563740323 234
1744066135714 0.32498244610104976 235
1744066144013 0.3238919996622953 236
1744066150450 0.32266027963105076 237
1744066158916 0.32119481881012296 238
1744066165751 0.3213912860230337 239
1744066173556 0.3204298767881037 240
1744066181072 0.3202616875883114 241
1744066188765 0.31878220256513173 242
1744066196773 0.31821583334176257 243
1744066203384 0.3169930745382256 244
1744066211859 0.31605826077154137 245
1744066218171 0.31524901625731144 246
1744066226857 0.315859145010406 247
1744066233711 0.31559282512124087 248
1744066241896 0.31416701530005137 249
1744066249233 0.3131374911210332 250
1744066257214 0.31246363246856934 251
1744066265062 0.3127450587149344 252
1744066272452 0.31134750964773866 253
1744066280580 0.31094533240910094 254
1744066287053 0.309741298959333 255
1744066295478 0.30984329568902863 256
1744066302080 0.30938859787941314 257
1744066310222 0.3073809983434967 258
1744066317379 0.30680499835531094 259
1744066325027 0.3061564488030188 260
1744066332860 0.3054944404132076 261
1744066339845 0.30591644756578995 262
1744066348020 0.3038204466562445 263
1744066354259 0.3044054211200503 264
1744066362769 0.30343836214209846 265
1744066369518 0.30296085232777376 266
1744066377944 0.3012184749672204 267
1744066385066 0.30051093508931426 268
1744066393034 0.30031554405276856 269
1744066400693 0.2998651826460424 270
1744066408512 0.2988898852767561 271
1744066416641 0.2993880180049327 272
1744066424081 0.29790701634571715 273
1744066432223 0.29720265521051226 274
1744066438989 0.29675839212410837 275
1744066447257 0.29573918427784174 276
1744066453767 0.29532677924125783 277
1744066462416 0.2952755736325581 278
1744066469209 0.2940480189851103 279
1744066477724 0.29304137199618363 280
1744066484691 0.2928121460877837 281
1744066492992 0.29243511097965086 282
1744066500189 0.2915578296044832 283
1744066508385 0.2918788506965068 284
1744066515848 0.291152893200814 285
1744066523852 0.2893905605800896 286
1744066531733 0.2893108361540327 287
1744066539395 0.28793544267237103 288
1744066547536 0.2870346305220462 289
1744066554660 0.287033730973547 290
1744066562805 0.2861400122003525 291
1744066569173 0.2850323022621734 292
1744066577838 0.28480809309625044 293
1744066584735 0.28444162311472 294
1744066593108 0.2848180340339268 295
1744066600201 0.2827659297435452 296
1744066608290 0.28263431253451715 297
1744066615858 0.2821198120382941 298
1744066623709 0.2815017573106724 299
1744066631800 0.28125062541170326 300
1744066638783 0.2805784948196654 301
1744066646963 0.2800663733466532 302
1744066653319 0.2793516603118768 303
1744066661908 0.27893388718672946 304
1744066668660 0.27791526380428716 305
1744066677154 0.27775360409699723 306
1744066684251 0.27677370043823657 307
1744066692637 0.27715373437064783 308
1744066699887 0.27603854908749753 309
1744066708165 0.275336827713253 310
1744066715638 0.2751524491409722 311
1744066723696 0.27422595917776704 312
1744066731415 0.2740102213333 313
1744066739294 0.27290218864234 314
1744066747221 0.2721344379326869 315
1744066755032 0.27251029945029137 316
1744066763091 0.27224644818952576 317
1744066769922 0.2711685125800236 318
1744066778236 0.27008453275716154 319
1744066784727 0.2697607814887706 320
1744066793344 0.2696553906999913 321
1744066800243 0.2685278501817169 322
1744066808403 0.2687341637805158 323
1744066815649 0.26731745432399495 324
1744066823776 0.2670255442886358 325
1744066831425 0.2663088032146928 326
1744066839330 0.2662194238080081 327
1744066847241 0.2654822648036129 328
1744066855046 0.2651863801178259 329
1744066863217 0.26475357174480785 330
1744066870761 0.26411797531051573 331
1744066879013 0.26402230142288075 332
1744066886065 0.26270303054230093 333
1744066894232 0.26223085420919845 334
1744066900573 0.26249865672186534 335
1744066909241 0.2613598431325081 336
1744066916039 0.2605274201266324 337
1744066924203 0.260407656820531 338
1744066931177 0.25987111967498155 339
1744066938905 0.2598294129687035 340
1744066946650 0.259154439642294 341
1744066953849 0.2583947333535352 342
1744066961980 0.25752554262705657 343
1744066968295 0.25757643511591055 344
1744066976854 0.2573947194886697 345
1744066983636 0.2566342785304068 346
1744066992061 0.25583607969106753 347
1744066999147 0.2552073277508974 348
1744067007167 0.2549242126277879 349
1744067014837 0.2548240766722262 350
1744067022792 0.25466797516274403 351
1744067030802 0.2535200942157267 352
1744067038102 0.25298384432473187 353
1744067046249 0.2524896019572395 354
1744067052646 0.252487276169536 355
1744067061282 0.2511132355832128 356
1744067067925 0.2510212421372515 357
1744067076259 0.25070165132324185 358
1744067083140 0.24985325025109953 359
1744067091021 0.2494102442523059 360
1744067098298 0.2490993992570785 361
1744067106074 0.24890232102783916 362
1744067113957 0.24856436412852953 363
1744067121089 0.2474436369819963 364
1744067129080 0.2471660542369299 365
1744067135437 0.24734320767551213 366
1744067144019 0.24654662774154612 367
1744067150910 0.24613576761697165 368
1744067159464 0.24572457260933364 369
1744067166414 0.24558030188862337 370
1744067174383 0.24493948535297197 371
1744067181869 0.24386244152912342 372
1744067189613 0.24404455757586385 373
1744067197472 0.24294100427556956 374
1744067204531 0.24273337291431307 375
1744067212724 0.2422670337461135 376
1744067219097 0.24253541230935186 377
1744067227807 0.24161203023418398 378
1744067234347 0.24140932430816478 379
1744067243021 0.24072165374354257 380
1744067249748 0.24029698028212984 381
1744067258302 0.23966208624560897 382
1744067265199 0.24007290016926863 383
1744067273667 0.23975244336135634 384
1744067280632 0.2385828208448329 385
1744067288932 0.2384180823166893 386
1744067296089 0.2381824254113606 387
1744067304324 0.23730839315232863 388
1744067311808 0.23676963930224257 389
1744067320052 0.23701445753237932 390
1744067327541 0.23614687077000934 391
1744067335502 0.2358740020864821 392
1744067343354 0.23608410477949124 393
1744067351222 0.23494315430261964 394
1744067359362 0.2345830083733225 395
1744067366639 0.23464113043834775 396
1744067374813 0.23393283730571787 397
1744067381180 0.2331108762816587 398
1744067389744 0.2324824218411502 399
1744067396406 0.23200921129487057 400
1744067404660 0.23199748583987276 401
1744067411658 0.23255236100411217 402
1744067419393 0.2314711563779291 403
1744067427124 0.23075454389929112 404
1744067434468 0.23116056280395525 405
1744067442547 0.22988715181669936 406
1744067448937 0.22970599031697397 407
1744067457419 0.22944752011361508 408
1744067464003 0.22925732965412424 409
1744067472539 0.22842312191080505 410
1744067479466 0.2285925188060328 411
1744067487268 0.22774876534300906 412
1744067494840 0.2279061302899952 413
1744067502238 0.2275669559912234 414
1744067510323 0.22668789081979498 415
1744067516742 0.22641195720512267 416
1744067525352 0.22572588531504684 417
1744067532073 0.22613131824885813 418
1744067540501 0.2254808722244175 419
1744067547505 0.2250483609596357 420
1744067555366 0.22435802261074 421
1744067562850 0.22394824546260522 422
1744067570473 0.22402592798103557 423
1744067578433 0.2233010515711728 424
1744067585059 0.2228616710214258 425
1744067593392 0.2225484476192953 426
1744067599923 0.22266839009266345 427
1744067608583 0.22243752169120254 428
1744067615579 0.22184743539227586 429
1744067623796 0.2218483100343765 430
1744067630871 0.22092773132531143 431
1744067638673 0.22094940419850426 432
1744067646379 0.22009232168488013 433
1744067653830 0.21953377501354715 434
1744067661843 0.21935066834440795 435
1744067668187 0.21920631946081712 436
1744067676715 0.21895382117002304 437
1744067683376 0.21831631484134284 438
1744067691440 0.21805303926584169 439
1744067698551 0.2175427113191696 440
1744067706287 0.21790380711987717 441
1744067714037 0.2169955360248881 442
1744067721686 0.21688873848304469 443
1744067729787 0.21650800628034736 444
1744067736460 0.21656968726794354 445
1744067744761 0.21570772414278813 446
1744067751342 0.21569591527049337 447
1744067759985 0.21498834738634318 448
1744067767042 0.2147983127013717 449
1744067775122 0.21445499239742402 450
1744067782590 0.2141758458719564 451
1744067790389 0.21414223808492772 452
1744067798339 0.2135865355904 453
1744067805500 0.2133889591922204 454
1744067813591 0.21288318839109321 455
1744067819938 0.21262826854128414 456
1744067828539 0.21217744927530482 457
1744067835362 0.21208857848458657 458
1744067843842 0.21165191125961796 459
1744067850818 0.2123380955515136 460
1744067859106 0.21126595205386706 461
1744067866170 0.21143478913289523 462
1744067874450 0.21059892999371743 463
1744067881696 0.21036072563163716 464
1744067889710 0.20954244540961223 465
1744067897511 0.2090717633027057 466
1744067905436 0.20923746769792323 467
1744067913468 0.20855655916146462 468
1744067921158 0.20854907063888922 469
1744067929167 0.20803548728521426 470
1744067935958 0.20767328178246267 471
1744067944442 0.20735232055087485 472
1744067950795 0.20714839780617184 473
1744067959499 0.20690210492347433 474
1744067966336 0.20694732822692888 475
1744067974711 0.20687670258289592 476
1744067981796 0.2063935839302162 477
1744067989912 0.20568010926674804 478
1744067997494 0.2052732818791689 479
1744068005239 0.20528659472465735 480
1744068013227 0.2052380192417588 481
1744068020131 0.2047476287115201 482
1744068028557 0.20442146136685557 483
1744068034894 0.20413663980830424 484
1744068043564 0.20378542548267994 485
1744068050145 0.20336786287655426 486
1744068058699 0.20300396670300408 487
1744068065488 0.20280079542556326 488
1744068074045 0.20298583933209272 489
1744068080979 0.20257416888190571 490
1744068089395 0.20209601870838215 491
1744068096404 0.20156366880030296 492
1744068104467 0.2016060596422766 493
1744068111931 0.20153703895005565 494
1744068119845 0.20118629325200046 495
1744068127905 0.20126671064332266 496
1744068135288 0.20077504768022306 497
1744068143449 0.2002499609214789 498
1744068150570 0.19984170911925037 499
1744068158798 0.19970409990075316 500
1744068165134 0.19937704419882843 501
1744068173736 0.19892514843716363 502
1744068180638 0.19865984528097574 503
1744068189234 0.19850211077259458 504
1744068196223 0.19856955518042163 505
1744068204345 0.19835384625793678 506
1744068211919 0.19818458356132584 507
1744068219960 0.19784821390982796 508
1744068227811 0.1972565527069454 509
1744068235605 0.19704542517178167 510
1744068243650 0.19705367552356892 511
1744068250894 0.19671581476287175 512
1744068259104 0.19618602311262312 513
1744068265379 0.19582970946182227 514
1744068273962 0.19575749866258293 515
1744068280664 0.19549262978863408 516
1744068288716 0.19520226621330625 517
1744068295777 0.19498737101370772 518
1744068303634 0.19468892772698762 519
1744068311124 0.19464152306906057 520
1744068318889 0.19420307713160154 521
1744068326836 0.19403379237164128 522
1744068334202 0.19380401803407293 523
1744068342204 0.1937487857527193 524
1744068348663 0.19380922131112296 525
1744068357167 0.1928574038176126 526
1744068363585 0.1925565608333542 527
1744068372054 0.1923019558412287 528
1744068378814 0.19209565309306412 529
1744068387052 0.19194994438323257 530
1744068393849 0.1917741298745955 531
1744068401759 0.19127420539268447 532
1744068409256 0.19102219226478187 533
1744068416908 0.1909500511363795 534
1744068424931 0.19072672237886246 535
1744068431728 0.19052294199300168 536
1744068439936 0.19029368549129388 537
1744068446244 0.19049397161063567 538
1744068454867 0.18996398816654145 539
1744068461521 0.18946026821596648 540
1744068470081 0.18925377708039728 541
1744068477104 0.18919653583111656 542
1744068485380 0.1888684806011688 543
1744068492464 0.18846406220861858 544
1744068500217 0.18841508065436674 545
1744068507974 0.1881051900876903 546
1744068515419 0.18773949243155338 547
1744068523565 0.1876577845579804 548
1744068529872 0.18748267532774743 549
1744068538359 0.18721103494726837 550
1744068544918 0.18688590726307805 551
1744068553031 0.18677043000019022 552
1744068560063 0.18675178456692004 553
1744068567714 0.18653065843104905 554
1744068575489 0.18610455758698782 555
1744068582460 0.18580342486734852 556
1744068590632 0.18558863286214328 557
1744068596858 0.18536284385077037 558
1744068605345 0.1852762796797335 559
1744068612198 0.18491280107292796 560
1744068620075 0.18477724862131567 561
1744068627455 0.18473440755338874 562
1744068635171 0.18439240689395728 563
1744068643040 0.1842862303083373 564
1744068650737 0.1838386899349606 565
1744068658727 0.18373548052443317 566
1744068665405 0.1833735580185726 567
1744068673834 0.18312878567223506 568
1744068680067 0.18301273348850342 569
1744068688680 0.18291286911258844 570
1744068695278 0.18263444510827087 571
1744068703669 0.18240927757633846 572
1744068710569 0.18216156551694973 573
1744068718652 0.1820021474057089 574
1744068725811 0.18151034118181122 575
1744068733780 0.18157894025687576 576
1744068741093 0.18130447741664185 577
1744068748929 0.1809142364283593 578
1744068756622 0.1808164613972521 579
1744068764434 0.18059840514101547 580
1744068772483 0.1806587394924236 581
1744068780215 0.18047193515538046 582
1744068788316 0.1801898972263854 583
1744068795719 0.17987896675518544 584
1744068804007 0.17967121433640376 585
1744068810798 0.17957136450683578 586
1744068819161 0.1793039681840629 587
1744068825766 0.1793129033874545 588
1744068834267 0.17888090304841403 589
1744068841232 0.1786408440764191 590
1744068849374 0.17836987454446612 591
1744068856681 0.17817413248763742 592
1744068864646 0.17787175544266953 593
1744068872472 0.17787911209351037 594
1744068880119 0.17769103402691372 595
1744068888145 0.17770010108813986 596
1744068895022 0.17728293916962445 597
1744068903287 0.17705495456532294 598
1744068909813 0.17692696957339538 599
1744068918428 0.17678830691725236 600
1744068925467 0.17646217617633378 601
1744068933619 0.17637104384863167 602
1744068940854 0.17621639522868837 603
1744068948778 0.1757612939980347 604
1744068956566 0.1754877902233484 605
1744068963711 0.17519995863520982 606
1744068971841 0.17521170620808757 607
1744068978097 0.17501445890744305 608
1744068986471 0.17472231193461066 609
1744068993206 0.17472350149753532 610
1744069001054 0.17453368976901543 611
1744069008491 0.17435792890493193 612
1744069016179 0.17419461046737023 613
1744069024107 0.17406845836249357 614
1744069030882 0.17377669306873975 615
1744069039035 0.1734618294194596 616
1744069045402 0.17342066295339867 617
1744069053818 0.17295970276577388 618
1744069060852 0.17304168592727792 619
1744069068639 0.17264541740281236 620
1744069076121 0.17262440981219146 621
1744069083681 0.17230023189993923 622
1744069091619 0.1721338216511691 623
1744069098297 0.17206518133237514 624
1744069106512 0.17204340886068697 625
1744069112954 0.17185183267316806 626
1744069121376 0.17143519291249504 627
1744069128229 0.17127012456345905 628
1744069135976 0.17102071726715573 629
1744069143571 0.17084433857537093 630
1744069151375 0.17068259690694101 631
1744069159276 0.17038545466593513 632
1744069166740 0.1704066376402002 633
1744069174802 0.17017679524980597 634
1744069181499 0.16985576806081606 635
1744069189946 0.16963110111600824 636
1744069196236 0.16951117302926383 637
1744069204758 0.16937379949375686 638
1744069211508 0.169256879099804 639
1744069220045 0.16901021918832124 640
1744069227167 0.16883697489944097 641
1744069235556 0.168887767004911 642
1744069242653 0.16871473926468628 643
1744069250372 0.1683891237965671 644
1744069258210 0.16837208985627564 645
1744069265555 0.16819728168587847 646
1744069273604 0.16781543388296075 647
1744069280001 0.16759390346084121 648
1744069288509 0.16742865683125216 649
1744069295119 0.16725236421451975 650
1744069303402 0.1674147307827654 651
1744069310426 0.16702281317715464 652
1744069318550 0.16680889696413886 653
1744069326097 0.16663278444103288 654
1744069333891 0.1664145485340679 655
1744069341899 0.16635650145785688 656
1744069349287 0.16612322669813412 657
1744069357456 0.16593148914206765 658
1744069364265 0.16580936371415722 659
1744069372596 0.16565207912104063 660
1744069378951 0.1654763045105081 661
1744069387484 0.16518248791298784 662
1744069394068 0.16518865692513116 663
1744069402499 0.1650057155170755 664
1744069409339 0.164906412273699 665
1744069417881 0.16458269594735425 666
1744069424907 0.1644596601845956 667
1744069432944 0.1642708093306636 668
1744069440272 0.16415581787853284 669
1744069448167 0.16403222941830964 670
1744069455902 0.16392743387267159 671
1744069463707 0.1636611025935761 672
1744069471617 0.16338887975303276 673
1744069478911 0.16330895695505793 674
1744069487071 0.1631696362378713 675
1744069493800 0.16295828804866178 676
1744069502197 0.1627596914578507 677
1744069508792 0.16273018199654768 678
1744069517351 0.16249458254190913 679
1744069524307 0.16231624927795474 680
1744069532390 0.16217532500273812 681
1744069539723 0.16186572451054493 682
1744069547683 0.1616510190730551 683
1744069555579 0.16155914180332515 684
1744069562944 0.1614908322948634 685
1744069570971 0.1614234109830718 686
1744069577608 0.16127051405689743 687
1744069586015 0.16097829852911183 688
1744069592585 0.1607495210589516 689
1744069601183 0.16070316899246265 690
1744069608064 0.16047627855578916 691
1744069616287 0.16038295547521095 692
1744069623615 0.160236706902789 693
1744069631384 0.16006794783288356 694
1744069639030 0.1597940479549826 695
1744069646764 0.15966959145829704 696
1744069654841 0.15967489698841658 697
1744069661562 0.1593951175458866 698
1744069670119 0.15935375480432026 699
1744069676372 0.15920687966963512 700
1744069684949 0.15897198290010314 701
1744069691564 0.1588264245486163 702
1744069699854 0.15864153978240425 703
1744069706698 0.15842107405175265 704
1744069714754 0.15831405834412865 705
1744069721740 0.15821073186114387 706
1744069729727 0.15806117564024202 707
1744069737025 0.15794982520275658 708
1744069744850 0.15785633339653932 709
1744069752631 0.1576778776733649 710
1744069760467 0.15760504120241606 711
1744069768273 0.15737623619642918 712
1744069775645 0.15728289663692852 713
1744069783703 0.15722560055857293 714
1744069790550 0.1570406208788523 715
1744069798775 0.15673167881937639 716
1744069805033 0.15659560071536816 717
1744069813611 0.1564455213460885 718
1744069820244 0.1562571626444728 719
1744069828716 0.15613852871900083 720
1744069835469 0.15593463465638294 721
1744069843415 0.155759309059948 722
1744069850736 0.1556298350605458 723
1744069858487 0.15547516474869408 724
1744069866339 0.15529419637527722 725
1744069873513 0.15522854816661258 726
1744069881563 0.15505445344191687 727
1744069887791 0.15498125058332024 728
1744069896356 0.15486875649279486 729
1744069903170 0.15478104340099322 730
1744069911136 0.1545138909530665 731
1744069918384 0.15443782588387156 732
1744069926453 0.15428922560013222 733
1744069934289 0.15418514779789136 734
1744069942063 0.15392255047552542 735
1744069949891 0.1539361104155404 736
1744069957187 0.15365145966116087 737
1744069965236 0.15362602382518092 738
1744069971634 0.15338342725351503 739
1744069980279 0.1532517310823884 740
1744069986999 0.15311629805816707 741
1744069995575 0.15287935770496366 742
1744070002557 0.1526756636570662 743
1744070010694 0.15264018911983557 744
1744070018254 0.1526286652110473 745
1744070026317 0.15237570234541992 746
1744070034003 0.1522362403470004 747
1744070041732 0.15207301382512262 748
1744070049836 0.1518567314001127 749
1744070056929 0.15175493924034977 750
1744070065129 0.15167837964103215 751
1744070071457 0.1514305160525262 752
1744070079871 0.15120982276349007 753
1744070086641 0.15117353031743927 754
1744070095247 0.15106144753956413 755
1744070102152 0.1508668943810843 756
1744070110480 0.15078444315365946 757
1744070117572 0.15061980998228736 758
1744070125479 0.15045248159388427 759
1744070132968 0.1502461304708568 760
1744070140785 0.15025648262125094 761
1744070148770 0.15010512636758144 762
1744070155794 0.1498895537541526 763
1744070164169 0.1497931451819939 764
1744070170484 0.1496345671655333 765
1744070179037 0.14949269542996663 766
1744070185485 0.14945829118649887 767
1744070193861 0.14922134566751966 768
1744070200691 0.1490055160232554 769
1744070208640 0.14901542431207207 770
1744070215793 0.14876809993893933 771
1744070224093 0.1487438276246107 772
1744070231375 0.14857329832230234 773
1744070238959 0.1482801015021785 774
1744070247013 0.14825636416261065 775
1744070254102 0.14815481479406922 776
1744070262502 0.14795282549908986 777
1744070268982 0.14793383650776457 778
1744070277581 0.1477057336911283 779
1744070283911 0.14759743450855056 780
1744070292237 0.14751260676989306 781
1744070299067 0.1473326089423168 782
1744070307089 0.1472101089066746 783
1744070314243 0.1470736153283519 784
1744070322223 0.14693599134411833 785
1744070329885 0.14675849861496842 786
1744070337642 0.1466313262393167 787
1744070345727 0.14654752724888145 788
1744070352260 0.14633144949282126 789
1744070360579 0.14621565409552859 790
1744070367142 0.1460519372945389 791
1744070375396 0.14596117854567514 792
1744070382278 0.14585978417642192 793
1744070390117 0.14575686215695582 794
1744070397716 0.1456755202507095 795
1744070405244 0.1454810472401806 796
1744070413453 0.14530818650696314 797
1744070420476 0.14526772958378031 798
1744070428599 0.1449995761517927 799
1744070435123 0.14494421647810338 800
1744070443608 0.14479714545718958 801
1744070450381 0.1446309712958265 802
1744070458946 0.1444959550080326 803
1744070465741 0.1443847763599354 804
1744070473727 0.1442407651352421 805
1744070480723 0.14412108029121953 806
1744070488724 0.14403664089274626 807
1744070496273 0.14396237294643438 808
1744070503992 0.14380409733641022 809
1744070511812 0.14364019939952039 810
1744070519337 0.1435186020118881 811
1744070527388 0.1433414184530441 812
1744070533904 0.14320598711312477 813
1744070542362 0.14310082962873574 814
1744070549006 0.14300268585201723 815
1744070557622 0.142875921036228 816
1744070564613 0.14273997996550677 817
1744070573003 0.14261211419663528 818
1744070579986 0.1424955299080288 819
1744070587655 0.14233566277282475 820
1744070595342 0.14221355746915723 821
1744070602710 0.1421714631815583 822
1744070610798 0.14202458336100926 823
1744070617364 0.14192553337564726 824
1744070625896 0.14173788001860266 825
1744070632224 0.14160694042070962 826
1744070640848 0.14146934214020207 827
1744070647668 0.14125789022306465 828
1744070655994 0.14121983700623172 829
1744070663260 0.14101509075487395 830
1744070671359 0.14093465792551993 831
1744070679057 0.14075665162308942 832
1744070686526 0.1406598760176064 833
1744070694596 0.1405635501738253 834
1744070701127 0.14054030951828134 835
1744070709642 0.1402962599550769 836
1744070716194 0.14017624516526486 837
1744070724518 0.14010877387188292 838
1744070731557 0.13998768008034868 839
1744070739605 0.13984227514402015 840
1744070747268 0.13980499550868314 841
1744070755017 0.13963167208650087 842
1744070763163 0.13950054956522345 843
1744070770276 0.1393665854785296 844
1744070778475 0.1392314357867684 845
1744070784825 0.13917390830615753 846
1744070793289 0.13899259821109797 847
1744070800068 0.13891140832827936 848
1744070807923 0.13881732062023378 849
1744070815246 0.13872406989694436 850
1744070823044 0.13854303414471988 851
1744070830961 0.13843805504830461 852
1744070838219 0.13825538822970726 853
1744070846425 0.1381494866299764 854
1744070852782 0.1380530765056846 855
1744070861489 0.13790757083620916 856
1744070868126 0.13778922206733935 857
1744070876602 0.13761965923396344 858
1744070883613 0.13752319526095985 859
1744070891626 0.13754240368824006 860
1744070899235 0.13744419300445018 861
1744070906957 0.13723140753167637 862
1744070914903 0.13706553656241827 863
1744070921671 0.1369510327751231 864
1744070930055 0.1369305346250553 865
1744070936592 0.13674792293825466 866
1744070945172 0.1366805235278069 867
1744070951994 0.13648252294013913 868
1744070960457 0.13633449001167466 869
1744070967425 0.1362522870869599 870
1744070975601 0.13611071209029896 871
1744070982975 0.13601998589046516 872
1744070990936 0.13593345526382444 873
1744070998799 0.13583319935550017 874
1744071006293 0.13574221847432263 875
1744071014499 0.13561917444246313 876
1744071020831 0.13547219232427674 877
1744071029375 0.13534579655526466 878
1744071036085 0.1354001445613942 879
1744071044676 0.1351666731767807 880
1744071051586 0.1349720319248464 881
1744071059497 0.13497207222106927 882
1744071066902 0.13472909750472326 883
1744071074636 0.13467118346006157 884
1744071082582 0.13454267835474362 885
1744071089279 0.134353033830168 886
1744071097579 0.1342718864997036 887
1744071104168 0.1340996421600035 888
1744071112805 0.13403479739083715 889
1744071119797 0.1339252117622814 890
1744071128040 0.13387309636023106 891
1744071135144 0.13366353806192185 892
1744071143104 0.13357795368185857 893
1744071150953 0.1334878711539635 894
1744071158446 0.133330397873383 895
1744071166523 0.13326445048059168 896
1744071172820 0.1331071335607275 897
1744071181547 0.13306578647868245 898
1744071188103 0.132866680916823 899
1744071196758 0.13278237918105876 900
1744071203456 0.1326176193254544 901
1744071211619 0.13243271120668526 902
1744071218577 0.13233959692842345 903
1744071226346 0.1322479244951594 904
1744071233969 0.13220569963951234 905
1744071241549 0.13204022461504428 906
1744071249474 0.13194512504893802 907
1744071256284 0.13185638718653148 908
1744071264518 0.13174909157940073 909
1744071270797 0.13167133147339477 910
1744071279217 0.13156686136169035 911
1744071285871 0.13147393067272803 912
1744071293901 0.13126324000698555 913
1744071301194 0.131136170475047 914
1744071309327 0.13108316010545398 915
1744071316969 0.13098612736757786 916
1744071324710 0.13089569375632573 917
1744071332629 0.13074533154960027 918
1744071339251 0.13065559830154264 919
1744071347597 0.13053561318107193 920
1744071354090 0.13040745634469617 921
1744071362568 0.1302757679756718 922
1744071369630 0.1301898123343592 923
1744071377591 0.1300619858891908 924
1744071384893 0.13000805049561823 925
1744071392531 0.12988343569647887 926
1744071400572 0.12978262336443291 927
1744071407464 0.12962777200764247 928
1744071415638 0.12949812775689268 929
1744071421882 0.12941823556927037 930
1744071430455 0.12931369924386882 931
1744071437094 0.1292748657111465 932
1744071445730 0.12910043582552486 933
1744071452721 0.12902881372695188 934
1744071460775 0.1289570679418984 935
1744071468218 0.1288024656959396 936
1744071476103 0.12876624576822307 937
1744071484044 0.12858692383327094 938
1744071491067 0.12844355297670573 939
1744071499327 0.12832622047385978 940
1744071505578 0.12832792471633994 941
1744071514174 0.128268135248186 942
1744071521057 0.12806329285424534 943
1744071529189 0.12792756012482104 944
1744071536372 0.12780548625773466 945
1744071544195 0.1277436037876018 946
1744071552191 0.12763545459635814 947
1744071559429 0.12751462740155475 948
1744071567774 0.12739688780133113 949
1744071574689 0.1273758505458888 950
1744071582952 0.12715873447458656 951
1744071589401 0.12707511368465313 952
1744071598088 0.1269795813050697 953
1744071605000 0.1268580368735294 954
1744071613195 0.1267978496287097 955
1744071620579 0.12668479018275083 956
1744071628597 0.1265151236948256 957
1744071636319 0.12636545545849864 958
1744071644133 0.1263273241840931 959
1744071652170 0.12620578525789763 960
1744071659302 0.12611003111979882 961
1744071667636 0.12597276783590422 962
1744071674217 0.12590882296707476 963
1744071682837 0.12581336856991673 964
1744071689248 0.12570107703258424 965
1744071697740 0.12557598995004154 966
1744071704482 0.12547164411104952 967
1744071712826 0.12538906189600252 968
1744071719966 0.12525572762956363 969
1744071727931 0.1251089586536689 970
1744071735641 0.12500915205111937 971
1744071743424 0.12495313478122193 972
1744071751443 0.12494736801873586 973
1744071758395 0.12477167008905089 974
1744071766715 0.12466554878463505 975
1744071773192 0.12452922967606891 976
1744071781781 0.12441372160348504 977
1744071788689 0.12429256163904107 978
1744071796487 0.12425194538722734 979
1744071803764 0.12417081076762189 980
1744071811748 0.12404288427840125 981
1744071819593 0.1238752330819286 982
1744071826637 0.12380103274943723 983
1744071834746 0.12373241036817056 984
1744071840985 0.12362559060570599 985
1744071849577 0.12350668803065219 986
1744071856184 0.12339187082804579 987
1744071864491 0.12329303414717017 988
1744071871427 0.12319039308108153 989
1744071879518 0.12307831805567417 990
1744071886873 0.12295946783675535 991
1744071894749 0.12282224520300701 992
1744071902651 0.12274167919792245 993
1744071909986 0.12267083039657771 994
1744071918138 0.12255467030902518 995
1744071924511 0.12248109710665547 996
1744071933063 0.12233456195023273 997
1744071939813 0.12221850764016 998
1744071948071 0.12213726483926195 999
1744071955298 0.12206735322168173 1000
