1743805039692 0.06346373500856653 0
1743805049454 0.057609937178755 1
1743805058424 0.0777412906910337 2
1743805068653 0.12214448886350657 3
1743805077622 0.15698172472872643 4
1743805087635 0.17204454597372928 5
1743805097250 0.21923186750428328 6
1743805106476 0.24950028555111364 7
1743805116695 0.25492575671045115 8
1743805125467 0.32402912621359226 9
1743805134213 0.3588663620788121 10
1743805144543 0.3433752141633352 11
1743805154413 0.34537407195888065 12
1743805163552 0.3445174186179326 13
1743805172391 0.45452598515134207 14
1743805181490 0.527627070245574 15
1743805190905 0.5154197601370646 16
1743805200411 0.5935893774985722 17
1743805209761 0.6158623643632211 18
1743805218820 0.6335665334094803 19
1743805228753 0.6354940034266133 20
1743805237929 0.6966733295259852 21
1743805246766 0.661550542547116 22
1743805255699 0.7085950885208452 23
1743805264853 0.7267989720159909 24
1743805274607 0.7278697886921759 25
1743805283614 0.7243003997715591 26
1743805293674 0.7385779554540263 27
1743805302545 0.7744860079954312 28
1743805311345 0.7629925756710452 29
1743805321648 0.7926185037121645 30
1743805330152 0.8118932038834952 31
1743805339644 0.8065391205025699 32
1743805349755 0.807181610508281 33
1743805358777 0.868218161050828 34
1743805367799 0.83587949743004 35
1743805377400 0.8698600799543118 36
1743805386628 0.83802113078241 37
1743805395897 0.8223872073101085 38
1743805404852 0.8012564249000571 39
1743805413290 0.8425899486007995 40
1743805422512 0.8313106796116505 41
1743805431700 0.8685750999428897 42
1743805440962 0.8899914334665905 43
1743805450301 0.8882067390062821 44
1743805458914 0.8765705311250714 45
1743805468499 0.88692175899486 46
1743805478228 0.8878498001142204 47
1743805488576 0.8867789834380354 48
1743805497379 0.8925613934894346 49
1743805506115 0.9094802969731582 50
1743805515683 0.901556253569389 51
1743805525131 0.9005568246716162 52
1743805533740 0.9058395202741291 53
1743805543218 0.9206881781838949 54
1743805551479 0.9233295259851514 55
1743805560776 0.9269703026841805 56
1743805570074 0.9239720159908623 57
1743805579743 0.9231867504283267 58
1743805588936 0.923472301541976 59
1743805597978 0.9261136493432325 60
1743805606686 0.9234009137635637 61
1743805616948 0.9358937749857225 62
1743805625656 0.9323243860651057 63
1743805634387 0.9286836093660765 64
1743805643196 0.9316818960593947 65
1743805652567 0.9378926327812679 66
