1743805039692 2.3395229617683535 0
1743805049455 2.3270388067941545 1
1743805058425 2.309146328944853 2
1743805068654 2.2931399873202944 3
1743805077622 2.2747547348837944 4
1743805087636 2.251902880992787 5
1743805097250 2.228312153637089 6
1743805106477 2.221391708309194 7
1743805116695 2.2013131396501775 8
1743805125467 2.1726135021458797 9
1743805134213 2.1468984871516286 10
1743805144544 2.1157813909868435 11
1743805154414 2.087693880517069 12
1743805163555 2.062886878075028 13
1743805172392 2.029955055078155 14
1743805181491 1.9923288844992308 15
1743805190906 1.9667503721598862 16
1743805200411 1.8994071305544518 17
1743805209761 1.876760854895938 18
1743805218821 1.7980105116030398 19
1743805228754 1.729276430222984 20
1743805237930 1.6676343138081444 21
1743805246767 1.656444103506682 22
1743805255700 1.5586448934615618 23
1743805264854 1.4897246661574342 24
1743805274608 1.4129864152834113 25
1743805283615 1.35336827572855 26
1743805293675 1.303547346687914 27
1743805302546 1.2344382694134346 28
1743805311346 1.1800172333640575 29
1743805321648 1.138834214237167 30
1743805330153 1.070698115570814 31
1743805339645 1.0307711228808265 32
1743805349756 0.9799844250589449 33
1743805358778 0.9321022239588668 34
1743805367800 0.9123906781720348 35
1743805377401 0.8607583300318828 36
1743805386628 0.8400571374379245 37
1743805395898 0.8281072185909599 38
1743805404853 0.8404837285523338 39
1743805413291 0.77732600057381 40
1743805422513 0.7679684321760918 41
1743805431700 0.7327096129572669 42
1743805440963 0.6909544256777371 43
1743805450302 0.6781554088076454 44
1743805458915 0.6790144670254856 45
1743805468500 0.6745235080582511 46
1743805478229 0.6175557456763998 47
1743805488577 0.615037429953837 48
1743805497380 0.5932164588026796 49
1743805506116 0.568288202783716 50
1743805515684 0.569366220746036 51
1743805525132 0.6068732262670674 52
1743805533741 0.5516285789060891 53
1743805543219 0.514593475124064 54
1743805551479 0.534815754828065 55
1743805560777 0.4926838889491473 56
1743805570075 0.48053929134670226 57
1743805579744 0.47356175961429403 58
1743805588937 0.4752058026442481 59
1743805597979 0.47697514891357884 60
1743805606687 0.4606861690609101 61
1743805616948 0.43195958151507036 62
1743805625657 0.4313755090420063 63
1743805634388 0.4225558179515632 64
1743805643197 0.41259105790253187 65
1743805652567 0.4122638363477796 66
