1745191372316 0.03663399235753447 0
1745191394717 0.06712078418341917 1
1745191417205 0.10026582488785513 2
1745191439769 0.12593454062136566 3
1745191462424 0.14786509386941352 4
1745191485116 0.171124771556737 5
1745191507636 0.18898488120950324 6
1745191530299 0.20302375809935205 7
1745191553384 0.21548429971756106 8
1745191576565 0.23002159827213822 9
1745191599947 0.23450739325469347 10
1745191622686 0.24447582654926067 11
1745191645745 0.24854627014454228 12
1745191668638 0.2628343578667553 13
1745191690940 0.2686492772885861 14
1745191716568 0.2826050839009802 15
1745191739498 0.28210666223625186 16
1745191761284 0.27986376474497426 17
1745191784528 0.289666057484632 18
1745191807490 0.29539790662900817 19
1745191829257 0.296976241900648 20
1745191851637 0.30013291244392754 21
1745191877353 0.29747466356537633 22
1745191900384 0.3045356371490281 23
1745191923549 0.30378800465193556 24
1745191948609 0.3096029240737664 25
1745191971845 0.31101511879049676 26
1745191994668 0.3115135404552251 27
1745192019313 0.31500249210832365 28
1745192043753 0.31874065459378637 29
1745192069674 0.31815916265160327 30
1745192095440 0.320069779033062 31
1745192120773 0.3232264495763416 32
1745192145484 0.3211496926399734 33
1745192168161 0.3220634656919754 34
1745192190330 0.3268815417843496 35
1745192212797 0.3244725037381625 36
1745192235638 0.32754610400398737 37
1745192258524 0.33020435288253863 38
1745192281003 0.329789001495265 39
1745192304073 0.33892673201528495 40
1745192326329 0.33402558564545604 41
1745192349468 0.3350224289749128 42
1745192371695 0.3360192723043695 43
1745192396288 0.34058813756437945 44
1745192419820 0.3400066456221964 45
1745192443049 0.3362684831367337 46
1745192467665 0.3402558564545606 47
1745192493226 0.342249543113474 48
1745192516225 0.34457551088220634 49
1745192539662 0.3410034889516531 50
1745192564120 0.3434955972752949 51
1745192588786 0.34357866755274963 52
1745192613545 0.3444924406047516 53
1745192637784 0.3480644625353049 54
1745192660773 0.34831367336766905 55
1745192682989 0.3496427978069447 56
1745192706201 0.34955972752948994 57
1745192728614 0.34872902475494266 58
1745192751264 0.3496427978069447 59
1745192774647 0.35512543611895664 60
1745192798938 0.3497258680843994 61
1745192823806 0.3498089383618541 62
1745192849026 0.3525502575178601 63
1745192873982 0.35296560890513373 64
1745192899126 0.3567868416680512 65
1745192924088 0.35396245223459044 66
1745192948805 0.3568699119455059 67
1745192973228 0.35387938195713575 68
1745192998285 0.3560392091709586 69
1745193023747 0.357451403887689 70
1745193047496 0.35645456055823227 71
1745193070622 0.3575344741651437 72
1745193092934 0.35728526333277955 73
1745193115662 0.35986044193387606 74
1745193137603 0.35869745804950987 75
1745193160007 0.35886359860441935 76
1745193181935 0.35587306861604917 77
1745193204181 0.3600265824887855 78
1745193226574 0.3609403555407875 79
1745193249368 0.3597773716564213 80
1745193273791 0.3603588635986044 81
1745193299357 0.35927894999169296 82
1745193325281 0.36143877720551587 83
1745193349120 0.3591958797142382 84
1745193373116 0.3615218474829706 85
1745193397021 0.3611895663731517 86
1745193420705 0.36127263665060644 87
1745193446748 0.36368167469679347 88
1745193472027 0.36509386941352384 89
1745193496170 0.36426316663897657 90
1745193518800 0.36667220468516365 91
1745193541014 0.3655922910782522 92
1745193564201 0.36368167469679347 93
1745193589152 0.3651769396909786 94
1745193613620 0.3684166805117129 95
1745193636698 0.3652600099684333 96
1745193659923 0.36883203189898656 97
1745193683037 0.3643462369164313 98
1745193705783 0.3651769396909786 99
1745193728905 0.3651769396909786 100
1745193751371 0.3674198371822562 101
1745193773045 0.36700448579498257 102
1745193796822 0.367170626349892 103
1745193819270 0.36609071274298055 104
1745193842650 0.3659245721880711 105
1745193867450 0.37065957800299054 106
1745193891359 0.3681674696793487 107
1745193913552 0.36725369662734675 108
1745193935453 0.3703272968931716 109
1745193958189 0.37107492939026415 110
1745193979946 0.36791825884698454 111
1745194003471 0.3721548429971756 112
1745194029216 0.3705765077255358 113
1745194054007 0.37190563216481143 114
1745194079212 0.3714072105000831 115
1745194104317 0.37007808606080744 116
1745194129632 0.3721548429971756 117
1745194153446 0.3701611563382622 118
1745194176049 0.37041036717062636 119
1745194198972 0.3721548429971756 120
1745194223396 0.3709087888353547 121
1745194248331 0.3708257185579 122
1745194272645 0.3745638810433627 123
1745194298215 0.37281940521681345 124
1745194323161 0.3719887024422662 125
1745194348331 0.3724871241069945 126
1745194372837 0.3729855457717229 127
1745194396712 0.37190563216481143 128
1745194419688 0.3709087888353547 129
1745194442843 0.37406545937863434 130
1745194465800 0.371739491609902 131
1745194488984 0.3708257185579 132
1745194512136 0.3724040538295398 133
1745194534775 0.3729855457717229 134
1745194559543 0.3743146702109985 135
1745194582723 0.3730686160491776 136
1745194605661 0.3719887024422662 137
1745194628343 0.37506230270809104 138
1745194651054 0.3775544110317329 139
1745194674044 0.3730686160491776 140
1745194696396 0.37788669214155174 141
1745194718514 0.37664063797973085 142
1745194741167 0.37464695132081743 143
1745194764604 0.37630835686991193 144
1745194787407 0.37572686492772883 145
1745194812108 0.3768067785346403 146
1745194837561 0.37481309187572687 147
1745194861402 0.3743146702109985 148
1745194884387 0.3739823891011796 149
1745194907145 0.37506230270809104 150
1745194932127 0.3734008971589965 151
1745194957489 0.37747134075427813 152
1745194982468 0.3763914271473667 153
1745195008231 0.3771390596444592 154
1745195033224 0.3767237082571856 155
1745195056234 0.37730520019936864 156
1745195081050 0.37506230270809104 157
1745195105900 0.37547765409536465 158
1745195130232 0.3768067785346403 159
1745195155946 0.37572686492772883 160
1745195181164 0.3763914271473667 161
1745195206176 0.37979730852301047 162
1745195231218 0.37780362186409705 163
1745195255668 0.3795480976906463 164
1745195279186 0.37664063797973085 165
1745195303765 0.3785512543611896 166
1745195326936 0.3798803788004652 167
1745195351839 0.37722212992191395 168
1745195375977 0.37763748130918756 169
1745195400396 0.3768067785346403 170
1745195425653 0.3799634490779199 171
1745195447981 0.37572686492772883 172
1745195473146 0.37904967602591794 173
1745195498932 0.37664063797973085 174
1745195523105 0.37688984881209503 175
1745195547871 0.3773882704768234 176
1745195573110 0.3801295896328294 177
1745195599073 0.38037880046519357 178
1745195624650 0.38096029240737667 179
1745195647533 0.37904967602591794 180
1745195671389 0.3807941518524672 181
1745195696698 0.37963116796810104 182
1745195721627 0.3813756437946503 183
1745195747020 0.3815417843495597 184
1745195772540 0.37597607576009306 185
1745195795951 0.38120950323974084 186
1745195818788 0.38245555740156173 187
1745195841300 0.37963116796810104 188
1745195863969 0.37863432463864427 189
1745195886903 0.3798803788004652 190
1745195908870 0.38046187074264826 191
1745195930449 0.38278783851138065 192
1745195952687 0.3815417843495597 193
1745195978161 0.3802126599102841 194
1745196001877 0.37921581658082737 195
1745196024552 0.3795480976906463 196
1745196047833 0.3802126599102841 197
1745196070539 0.38104336268483135 198
1745196093086 0.3808772221299219 199
1745196115674 0.38037880046519357 200
1745196138858 0.3769729190895498 201
1745196164512 0.38096029240737667 202
1745196190063 0.3811264329622861 203
1745196215872 0.38245555740156173 204
1745196238373 0.38129257351719553 205
1745196260761 0.38162485462701445 206
1745196283771 0.3801295896328294 207
1745196305772 0.38104336268483135 208
1745196329469 0.3825386276790165 209
1745196354128 0.382372487124107 210
1745196379885 0.38262169795647116 211
1745196404951 0.38037880046519357 212
1745196429354 0.3817079249044692 213
1745196454438 0.3799634490779199 214
1745196480003 0.38004651935537465 215
1745196505183 0.38062801129755774 216
1745196529798 0.38220634656919755 217
1745196555240 0.38096029240737667 218
1745196578847 0.3817079249044692 219
1745196601412 0.38204020601428806 220
1745196626410 0.38104336268483135 221
1745196651895 0.38187406545937863 222
1745196674510 0.38287090878883534 223
1745196697337 0.38245555740156173 224
1745196719347 0.37946502741319155 225
1745196742333 0.38104336268483135 226
1745196764411 0.3783851138062801 227
1745196786713 0.381458714072105 228
1745196809189 0.3815417843495597 229
1745196832142 0.37863432463864427 230
1745196854964 0.37938195713573686 231
1745196877255 0.38071108157501243 232
1745196899684 0.37921581658082737 233
1745196925347 0.380544941020103 234
1745196950498 0.37979730852301047 235
1745196975348 0.38071108157501243 236
1745197000645 0.38220634656919755 237
1745197025361 0.3807941518524672 238
1745197048211 0.38278783851138065 239
1745197073488 0.38204020601428806 240
1745197096584 0.3811264329622861 241
1745197119818 0.37863432463864427 242
1745197143791 0.3798803788004652 243
1745197169368 0.3825386276790165 244
1745197193134 0.38320318989865426 245
1745197218568 0.3835354710084732 246
1745197243963 0.380544941020103 247
1745197268997 0.3835354710084732 248
1745197294558 0.38378468184083736 249
1745197319988 0.3813756437946503 250
1745197345112 0.3829539790662901 251
1745197368207 0.3821232762917428 252
1745197389869 0.3819571357368334 253
1745197412949 0.37904967602591794 254
1745197436456 0.3817079249044692 255
1745197459737 0.38162485462701445 256
1745197485042 0.3817909951819239 257
1745197510175 0.38262169795647116 258
1745197535357 0.3802126599102841 259
1745197560816 0.38129257351719553 260
1745197586275 0.3764744974248214 261
1745197611022 0.37888353547100845 262
1745197634627 0.38037880046519357 263
1745197658595 0.38345240073101844 264
1745197683902 0.3817909951819239 265
1745197708957 0.38303704934374483 266
1745197732809 0.383286260176109 267
1745197755133 0.3813756437946503 268
1745197779807 0.3819571357368334 269
1745197805170 0.3831201196211995 270
1745197829930 0.38004651935537465 271
1745197854455 0.3813756437946503 272
1745197879451 0.37979730852301047 273
1745197903769 0.38345240073101844 274
1745197926674 0.383286260176109 275
1745197949612 0.3802957301877388 276
1745197972883 0.38287090878883534 277
1745197997415 0.38378468184083736 278
1745198019121 0.3801295896328294 279
1745198041376 0.37821897325137066 280
1745198063944 0.38262169795647116 281
1745198086434 0.38096029240737667 282
1745198109181 0.3817079249044692 283
1745198134290 0.38287090878883534 284
1745198158873 0.3817909951819239 285
1745198183937 0.38444924406047515 286
1745198208831 0.38287090878883534 287
1745198231903 0.38120950323974084 288
1745198253877 0.3799634490779199 289
1745198275228 0.3808772221299219 290
1745198297581 0.3841169629506563 291
1745198320249 0.3837016115633826 292
1745198343211 0.3827047682339259 293
1745198365745 0.38129257351719553 294
1745198390174 0.38345240073101844 295
1745198415595 0.3819571357368334 296
1745198439193 0.38220634656919755 297
1745198461333 0.38386775211829205 298
1745198483395 0.38104336268483135 299
1745198505252 0.38245555740156173 300
1745198528366 0.3817079249044692 301
1745198549975 0.38245555740156173 302
1745198571620 0.38320318989865426 303
1745198594365 0.3817909951819239 304
1745198617417 0.38386775211829205 305
1745198640514 0.38096029240737667 306
1745198665854 0.3852799468350224 307
1745198690226 0.38303704934374483 308
1745198715695 0.38220634656919755 309
1745198739495 0.3831201196211995 310
1745198763744 0.38536301711247717 311
1745198786233 0.3827047682339259 312
1745198809593 0.38278783851138065 313
1745198834521 0.3808772221299219 314
1745198858981 0.3839508223957468 315
1745198881335 0.38220634656919755 316
1745198903854 0.3848645954477488 317
1745198926369 0.383286260176109 318
1745198949004 0.38262169795647116 319
1745198971246 0.3825386276790165 320
1745198993155 0.382372487124107 321
1745199015095 0.38287090878883534 322
1745199038493 0.38245555740156173 323
1745199060959 0.3821232762917428 324
1745199084169 0.3821232762917428 325
1745199106746 0.3841169629506563 326
1745199129038 0.3839508223957468 327
1745199151650 0.38536301711247717 328
1745199174315 0.38561222794484135 329
1745199196992 0.38436617378302046 330
1745199221923 0.38262169795647116 331
1745199247541 0.38287090878883534 332
1745199272878 0.381458714072105 333
1745199298426 0.38220634656919755 334
1745199323504 0.38386775211829205 335
1745199348337 0.3829539790662901 336
1745199370869 0.38436617378302046 337
1745199393012 0.3845323143379299 338
1745199415779 0.3848645954477488 339
1745199438019 0.38444924406047515 340
1745199459842 0.38461538461538464 341
1745199481430 0.3873567037713906 342
1745199503910 0.3866921415517528 343
1745199526876 0.38602757933211496 344
1745199549749 0.38785512543611894 345
1745199573226 0.3848645954477488 346
1745199598240 0.38594450905466027 347
1745199623301 0.3866921415517528 348
1745199648200 0.386941352384117 349
1745199670274 0.3852799468350224 350
1745199695605 0.38436617378302046 351
1745199720390 0.38478152517029407 352
1745199743366 0.38228941684665224 353
1745199765905 0.3845323143379299 354
1745199788967 0.38594450905466027 355
1745199811555 0.3827047682339259 356
1745199835371 0.38444924406047515 357
1745199860036 0.3833693304535637 358
1745199884398 0.38503073600265825 359
1745199907566 0.3863598604419339 360
1745199930265 0.38619371988702444 361
1745199953059 0.38702442266157167 362
1745199976476 0.38594450905466027 363
1745199999837 0.38627679016447913 364
1745200021694 0.3873567037713906 365
1745200043926 0.3875228443263001 366
1745200067878 0.38561222794484135 367
1745200093024 0.3848645954477488 368
1745200117434 0.3864429307193886 369
1745200140373 0.3867752118292075 370
1745200164817 0.38602757933211496 371
1745200189032 0.3857783684997508 372
1745200210404 0.3845323143379299 373
1745200235188 0.3852799468350224 374
1745200259834 0.3875228443263001 375
1745200285151 0.38544608738993186 376
1745200309617 0.38843661737830204 377
1745200333790 0.3867752118292075 378
1745200357218 0.38660907127429806 379
1745200379526 0.38660907127429806 380
1745200402930 0.3866921415517528 381
1745200424861 0.3864429307193886 382
1745200447036 0.38727363349393584 383
1745200468838 0.38743977404884533 384
1745200491494 0.3865260009968433 385
1745200513599 0.3875228443263001 386
1745200536483 0.3861106496095697 387
1745200557854 0.38536301711247717 388
1745200580338 0.38619371988702444 389
1745200602642 0.3857783684997508 390
1745200625669 0.38602757933211496 391
1745200647819 0.3858614387772055 392
1745200670720 0.38685828210666223 393
1745200692980 0.38818740654593786 394
1745200715343 0.386941352384117 395
1745200740572 0.38777205515866425 396
1745200762259 0.38719056321648115 397
1745200784966 0.3873567037713906 398
1745200806909 0.38876889848812096 399
1745200832150 0.38876889848812096 400
1745200856651 0.38727363349393584 401
1745200882073 0.3866921415517528 402
1745200904133 0.3891011795979399 403
1745200926849 0.3892673201528493 404
1745200951175 0.38976574181757767 405
1745200975954 0.3882704768233926 406
1745200999617 0.3873567037713906 407
1745201022288 0.38885196876557565 408
1745201044292 0.38901810932048514 409
1745201066772 0.38959960126266824 410
1745201090502 0.3891011795979399 411
1745201112847 0.3889350390430304 412
1745201135377 0.39043030403721546 413
1745201157577 0.3908456554244891 414
1745201179656 0.39101179597939856 415
1745201201841 0.3906795148695797 416
1745201224418 0.3899318823724871 417
1745201248159 0.38976574181757767 418
1745201270805 0.38818740654593786 419
1745201293457 0.3881043362684831 420
1745201316573 0.3900980229273966 421
1745201339137 0.3886027579332115 422
1745201361475 0.39034723375976077 423
1745201384508 0.3898488120950324 424
1745201409983 0.3885196876557568 425
1745201434185 0.38843661737830204 426
1745201458672 0.3905133743146702 427
1745201483203 0.3898488120950324 428
1745201508469 0.3906795148695797 429
1745201532182 0.3896826715401229 430
1745201557222 0.3907625851470344 431
1745201581611 0.3925070609735837 432
1745201603887 0.3923409204186742 433
1745201626780 0.3935869745804951 434
1745201649601 0.3930885529157667 435
1745201671252 0.39300548263831203 436
1745201693808 0.3908456554244891 437
1745201716045 0.39184249875394583 438
1745201738776 0.39184249875394583 439
1745201760450 0.39300548263831203 440
1745201782246 0.393919255690314 441
1745201804016 0.3917594284764911 442
1745201826728 0.39317162319322146 443
1745201849064 0.3925070609735837 444
1745201871130 0.39126100681176273 445
1745201894359 0.3898488120950324 446
1745201917199 0.3923409204186742 447
1745201938836 0.39184249875394583 448
1745201961345 0.39458381790995184 449
1745201984129 0.39558066123940855 450
1745202007291 0.393919255690314 451
1745202029793 0.39433460707758766 452
1745202053878 0.39466688818740653 453
1745202077341 0.3932546934706762 454
1745202101661 0.3945007476324971 455
1745202124342 0.39217477986376476 456
1745202147624 0.3942515368001329 457
1745202170836 0.3932546934706762 458
1745202192766 0.39242399069612893 459
1745202216210 0.39757434789832197 460
1745202239951 0.3949160990197707 461
1745202262815 0.39441767735504235 462
1745202288074 0.394833028742316 463
1745202313872 0.394833028742316 464
1745202339005 0.3935869745804951 465
1745202363845 0.39591294234922747 466
1745202387882 0.39699285595613887 467
1745202412077 0.393919255690314 468
1745202437167 0.3974912776208673 469
1745202461436 0.39798969928559563 470
1745202483739 0.3947499584648613 471
1745202505740 0.3964113640139558 472
1745202529740 0.3956637315168633 473
1745202553360 0.39624522345904634 474
1745202577744 0.3964113640139558 475
1745202600860 0.39541452068449906 476
1745202623964 0.39591294234922747 477
1745202646779 0.39666057484632 478
1745202670315 0.3960790829041369 479
1745202694837 0.39624522345904634 480
1745202718383 0.3969097856786842 481
1745202740446 0.3963282937365011 482
1745202763660 0.3950822395746802 483
1745202786050 0.39591294234922747 484
1745202808754 0.39873733178268816 485
1745202831244 0.39624522345904634 486
1745202853733 0.3974912776208673 487
1745202876847 0.3956637315168633 488
1745202900008 0.39740820734341253 489
1745202922925 0.39699285595613887 490
1745202945265 0.39682671540122944 491
1745202968474 0.3998172453895996 492
1745202994066 0.39840505067286924 493
1745203019114 0.3986542615052334 494
1745203043844 0.3976574181757767 495
1745203068479 0.3998172453895996 496
1745203090787 0.39882040206014285 497
1745203113675 0.3991526831699618 498
1745203135532 0.3986542615052334 499
1745203158568 0.39815583984050507 500
1745203181079 0.39940189400232595 501
1745203203388 0.39774048845323146 502
1745203225794 0.39998338594450905 503
1745203247729 0.40039873733178266 504
1745203270461 0.4007310184416016 505
1745203292438 0.3998172453895996 506
1745203314682 0.39956803455723544 507
1745203338033 0.39956803455723544 508
1745203359864 0.39940189400232595 509
1745203381995 0.39931882372487126 510
1745203405327 0.39998338594450905 511
1745203428343 0.39998338594450905 512
1745203450781 0.4006479481641469 513
1745203473315 0.4007310184416016 514
1745203496510 0.4010632995514205 515
1745203519491 0.4014786509386941 516
1745203541374 0.4013955806612394 517
1745203563322 0.40023259677687323 518
1745203585647 0.4018940023259678 519
1745203608171 0.4020601428808772 520
1745203630500 0.4006479481641469 521
1745203652679 0.40214321315833196 522
1745203675464 0.40314005648778867 523
1745203697968 0.40280777537796975 524
1745203719641 0.4023093537132414 525
1745203742075 0.4017278617710583 526
1745203763918 0.40156172121614886 527
1745203786878 0.40239242399069614 528
1745203809611 0.40272470510051506 529
1745203832658 0.4040538295397907 530
1745203855385 0.4016447914936036 531
1745203877967 0.4013955806612394 532
1745203901951 0.4040538295397907 533
1745203927701 0.4033061970426981 534
1745203952407 0.4034723375976076 535
1745203974196 0.40538295397906626 536
1745203996852 0.40314005648778867 537
1745204020387 0.4022262834357867 538
1745204042584 0.40463532148197373 539
1745204064757 0.4047183917594285 540
1745204087216 0.40181093204851304 541
1745204109893 0.4038876889848812 542
1745204132389 0.4034723375976076 543
1745204154771 0.4038046187074265 544
1745204177505 0.4057152350888852 545
1745204202755 0.4050506728692474 546
1745204225410 0.4050506728692474 547
1745204250316 0.40579830536633993 548
1745204275002 0.40737664063797974 549
1745204298844 0.40455225120451904 550
1745204322219 0.40397075926233594 551
1745204346894 0.40596444592124936 552
1745204372616 0.4050506728692474 553
1745204396069 0.40579830536633993 554
1745204418992 0.4062967270310683 555
1745204441491 0.4064628675859777 556
1745204465413 0.4056321648114305 557
1745204489377 0.4074597109154345 558
1745204513727 0.4062967270310683 559
1745204535760 0.4062967270310683 560
1745204558299 0.40613058647615885 561
1745204583918 0.407293570360525 562
1745204609077 0.4058813756437947 563
1745204631822 0.4066290081408872 564
1745204654191 0.40895497590961954 565
1745204677083 0.40621365675361354 566
1745204699159 0.4072105000830703 567
1745204722505 0.4072105000830703 568
1745204745089 0.4062967270310683 569
1745204767617 0.40754278119288917 570
1745204790472 0.4086226947998006 571
1745204813113 0.40895497590961954 572
1745204836313 0.4085396245223459 573
1745204859122 0.4097026084067121 574
1745204881562 0.4085396245223459 575
1745204902978 0.40770892174779866 576
1745204926067 0.4082904136899817 577
1745204948964 0.40812427313507227 578
1745204971362 0.4110317328459877 579
1745204993867 0.40754278119288917 580
1745205017099 0.40870576507725537 581
1745205039534 0.40953646785180264 582
1745205062512 0.409121116464529 583
1745205087592 0.41111480312344245 584
1745205113449 0.41078252201362353 585
1745205136691 0.4094533975743479 586
1745205159720 0.4085396245223459 587
1745205182029 0.4094533975743479 588
1745205204192 0.4082904136899817 589
1745205226830 0.41094866256853296 590
1745205248605 0.41094866256853296 591
1745205271155 0.41153015451071606 592
1745205295417 0.4116132247881708 593
1745205319361 0.41277620867253695 594
1745205343037 0.4106163814587141 595
1745205367192 0.40953646785180264 596
1745205389469 0.4097856786841668 597
1745205412788 0.41094866256853296 598
1745205435620 0.4110317328459877 599
1745205458517 0.41111480312344245 600
1745205480592 0.410034889516531 601
1745205503893 0.41136401395580663 602
1745205527326 0.4114470842332613 603
1745205550299 0.41194550589798967 604
1745205573008 0.41277620867253695 605
1745205596098 0.411862435620535 606
1745205618700 0.4121947167303539 607
1745205641204 0.4128592789499917 608
1745205664233 0.41335770061472005 609
1745205688268 0.4134407708921748 610
1745205712868 0.4114470842332613 611
1745205737539 0.4140222628343579 612
1745205762409 0.4136069114470842 613
1745205787274 0.41435454394417676 614
1745205811975 0.41709586310018276 615
1745205837066 0.4140222628343579 616
1745205862037 0.4141053331118126 617
1745205886968 0.4141053331118126 618
1745205912548 0.4137730520019937 619
1745205938593 0.41252699784017277 620
1745205963891 0.41593287921581656 621
1745205988455 0.4153513872736335 622
1745206013467 0.41634823060309023 623
1745206039012 0.4137730520019937 624
1745206064148 0.41460375477654093 625
1745206089299 0.41460375477654093 626
1745206112878 0.4144376142216315 627
1745206136003 0.4162651603256355 628
1745206158380 0.4174281442100017 629
1745206181016 0.41576673866090713 630
1745206203774 0.4152683169961788 631
1745206226785 0.41551752782854295 632
1745206249589 0.4174281442100017 633
1745206272308 0.417012792822728 634
1745206295556 0.41709586310018276 635
1745206318542 0.4172620036550922 636
1745206341154 0.41593287921581656 637
1745206364586 0.4172620036550922 638
1745206386918 0.4166805117129091 639
1745206410034 0.4153513872736335 640
1745206432341 0.4185080578169131 641
1745206454908 0.41809270642963947 642
1745206480441 0.41792656587473004 643
1745206504924 0.4174281442100017 644
1745206528681 0.41776042531982055 645
1745206553404 0.4171789333776375 646
1745206576003 0.4194218308689151 647
1745206599422 0.4200033228110982 648
1745206621728 0.4187572686492773 649
1745206644166 0.41834191726200365 650
1745206666994 0.42075095530819073 651
1745206692300 0.419754111978734 652
1745206717444 0.4196710417012793 653
1745206742248 0.4168466522678186 654
1745206767101 0.42016946336600763 655
1745206790416 0.41809270642963947 656
1745206812770 0.419754111978734 657
1745206835215 0.4204186741983718 658
1745206860474 0.41933876059146036 659
1745206883472 0.4204186741983718 660
1745206906553 0.42075095530819073 661
1745206930312 0.42108323641800965 662
1745206952926 0.42075095530819073 663
1745206975498 0.4216647283601927 664
1745206998277 0.42149858780528326 665
1745207020974 0.4214155175278285 666
1745207045249 0.41892340920418675 667
1745207069975 0.42249543113474 668
1745207095449 0.4203356039209171 669
1745207117949 0.4216647283601927 670
1745207140726 0.4203356039209171 671
1745207166502 0.4200033228110982 672
1745207191379 0.42174779863764744 673
1745207216049 0.42091709586310017 674
1745207238017 0.42091709586310017 675
1745207260708 0.42116630669546434 676
1745207283551 0.420667885030736 677
1745207307066 0.4214155175278285 678
1745207329720 0.42249543113474 679
1745207351534 0.4230769230769231 680
1745207374233 0.42423990696128927 681
1745207397402 0.4240737664063798 682
1745207419715 0.4244060475161987 683
1745207441396 0.42266157168964946 684
1745207464165 0.4238245555740156 685
1745207486844 0.42291078252201364 686
1745207512481 0.4216647283601927 687
1745207537202 0.4234922744641967 688
1745207562116 0.4253198205682007 689
1745207587275 0.4244060475161987 690
1745207613270 0.4239906961289251 691
1745207638127 0.4239906961289251 692
1745207663160 0.4253198205682007 693
1745207687258 0.4255690314005649 694
1745207712198 0.42457218807110814 695
1745207736605 0.4237414852965609 696
1745207762685 0.42332613390928725 697
1745207787415 0.42548596112311016 698
1745207813454 0.42573517195547433 699
1745207839387 0.4249875394583818 700
1745207867364 0.42573517195547433 701
1745207892072 0.42490446918092706 702
1745207916448 0.42590131251038377 703
1745207941109 0.42548596112311016 704
1745207964870 0.4247383286260176 705
1745207989836 0.42590131251038377 706
1745208015950 0.4253198205682007 707
1745208038419 0.42548596112311016 708
1745208061355 0.4258182422329291 709
1745208084233 0.42573517195547433 710
1745208107534 0.4271473666722047 711
1745208131124 0.4255690314005649 712
1745208155354 0.4259843827878385 713
1745208179621 0.4274796477820236 714
1745208203135 0.4258182422329291 715
1745208226900 0.42631666389765743 716
1745208250184 0.42631666389765743 717
1745208273213 0.42673201528493104 718
1745208296786 0.42797806944675193 719
1745208319993 0.42797806944675193 720
1745208343524 0.42855956138893503 721
1745208366211 0.4283934208340256 722
1745208388973 0.4280611397242067 723
1745208412339 0.4290579830536634 724
1745208435535 0.42889184249875395 725
1745208459997 0.42947333444093705 726
1745208483551 0.4263997341751121 727
1745208507448 0.4288087722212992 728
1745208532853 0.42673201528493104 729
1745208558284 0.42930719388602756 730
1745208583442 0.42889184249875395 731
1745208607631 0.4293902641634823 732
1745208631202 0.4288087722212992 733
1745208654505 0.4272304369496594 734
1745208678070 0.4280611397242067 735
1745208701331 0.4288087722212992 736
1745208724223 0.42955640471839174 737
1745208747713 0.42930719388602756 738
1745208771433 0.42988868582821066 739
1745208794661 0.4319654427645788 740
1745208818371 0.42988868582821066 741
1745208842142 0.4306363183253032 742
1745208865009 0.43047017777039376 743
1745208888703 0.42988868582821066 744
1745208912398 0.4297225452733012 745
1745208935972 0.42988868582821066 746
1745208959737 0.4300548263831201 747
1745208982753 0.4297225452733012 748
1745209008138 0.4309685994351221 749
1745209030851 0.43013789666057484 750
1745209054178 0.4306363183253032 751
1745209076497 0.42947333444093705 752
1745209098955 0.4321315833194883 753
1745209123455 0.4317993022096694 754
1745209148940 0.4337929888685828 755
1745209174472 0.4316331616547599 756
1745209199623 0.4319654427645788 757
1745209224413 0.4321315833194883 758
1745209249090 0.43204851304203357 759
1745209272149 0.4327961455391261 760
1745209295101 0.4323807941518525 761
1745209318165 0.43387605914603755 762
1745209341015 0.4347067619205848 763
1745209363481 0.4313839508223957 764
1745209387542 0.433128426648945 765
1745209412848 0.4342083402558565 766
1745209438277 0.43429141053331116 767
1745209463817 0.43545439441767736 768
1745209489331 0.43445755108822065 769
1745209514862 0.43445755108822065 770
1745209538002 0.4362020269147699 771
1745209563306 0.43229772387439774 772
1745209588023 0.43512211330785844 773
1745209613224 0.4337929888685828 774
1745209638235 0.43503904303040375 775
1745209663141 0.4342083402558565 776
1745209688566 0.43346070775876394 777
1745209713335 0.43454062136567534 778
1745209738870 0.43454062136567534 779
1745209762365 0.4352882538627679 780
1745209787440 0.4352882538627679 781
1745209812368 0.4337099185911281 782
1745209835244 0.4362020269147699 783
1745209858712 0.43703272968931717 784
1745209881840 0.4346236916431301 785
1745209904369 0.4343744808107659 786
1745209926969 0.4366173783020435 787
1745209949458 0.4355374646951321 788
1745209972422 0.43586974580495097 789
1745209994726 0.436783518856953 790
1745210017054 0.4362020269147699 791
1745210040001 0.4365343080245888 792
1745210062616 0.4352882538627679 793
1745210086446 0.43603588635986046 794
1745210109190 0.4371157999667719 795
1745210132151 0.43761422163150027 796
1745210154575 0.4373650107991361 797
1745210180161 0.43786343246386444 798
1745210205254 0.4371988702442266 799
1745210228603 0.43611895663731515 800
