1745191372317 4.486184715372818 0
1745191394717 4.248443407188598 1
1745191417206 4.002567398392788 2
1745191439770 3.804960251606127 3
1745191462425 3.6332604548619445 4
1745191485116 3.4702554801373284 5
1745191507637 3.3531810793119 6
1745191530299 3.231112845909099 7
1745191553384 3.1443161811082994 8
1745191576566 3.0572688254351976 9
1745191599948 2.986699801249983 10
1745191622687 2.916830177991618 11
1745191645746 2.8738111907466712 12
1745191668638 2.804129189180195 13
1745191690941 2.770426820060093 14
1745191716568 2.7118806426091173 15
1745191739499 2.6911198103588236 16
1745191761284 2.6734667580610765 17
1745191784529 2.6386440595366865 18
1745191807491 2.589125251872743 19
1745191829258 2.60723492053438 20
1745191851638 2.5576631815030626 21
1745191877354 2.5564631814087777 22
1745191900385 2.533654333238293 23
1745191923549 2.520283641986558 24
1745191948609 2.4766282339264434 25
1745191971845 2.4733463310929795 26
1745191994669 2.481414357933892 27
1745192019314 2.4512741617316607 28
1745192043754 2.426450004405763 29
1745192069675 2.4244032628449035 30
1745192095441 2.412640592414524 31
1745192120774 2.4026684919517045 32
1745192145485 2.4019164995968767 33
1745192168161 2.3916746978751746 34
1745192190331 2.3560692441844298 35
1745192212798 2.367975132863228 36
1745192235638 2.3373810161608213 37
1745192258525 2.33413802303402 38
1745192281004 2.326725871498317 39
1745192304074 2.3034618425238977 40
1745192326329 2.293577335815612 41
1745192349469 2.31643788894218 42
1745192371696 2.294897393112475 43
1745192396288 2.27964094634465 44
1745192419821 2.275995329999533 45
1745192443050 2.281866523656037 46
1745192467665 2.260898536446216 47
1745192493227 2.244078107983087 48
1745192516226 2.2272505082531406 49
1745192539663 2.23448774169703 50
1745192564120 2.2253650409702295 51
1745192588786 2.23031224315409 52
1745192613546 2.2176992104252933 53
1745192637784 2.207962014861546 54
1745192660773 2.197392566131914 55
1745192682989 2.1789779272173173 56
1745192706202 2.1843852227903704 57
1745192728615 2.1811771448568518 58
1745192751265 2.1892531376994424 59
1745192774648 2.156576770720686 60
1745192798939 2.1599616755728666 61
1745192823806 2.158177164086102 62
1745192849026 2.156487451522553 63
1745192873982 2.1421799925995653 64
1745192899127 2.1210029792289564 65
1745192924088 2.1281260480715125 66
1745192948806 2.1143157317319954 67
1745192973229 2.116241696396762 68
1745192998285 2.116134057761792 69
1745193023748 2.0979167155016367 70
1745193047496 2.1012920700812248 71
1745193070622 2.0802766535933803 72
1745193092935 2.0830600594224022 73
1745193115663 2.0777913890732043 74
1745193137604 2.072782854095083 75
1745193160007 2.0753180356199072 76
1745193181935 2.0605285130174984 77
1745193204182 2.0521834299419295 78
1745193226575 2.0422843494125655 79
1745193249369 2.054321347019812 80
1745193273792 2.0405170414917806 81
1745193299358 2.039512919250307 82
1745193325282 2.038333962858976 83
1745193349121 2.035173035325023 84
1745193373116 2.0146217289975383 85
1745193397022 2.0181429536873026 86
1745193420706 2.0041985157258675 87
1745193446748 1.99766630715698 88
1745193472028 2.009513742798965 89
1745193496171 1.987123567512327 90
1745193518801 1.9976420811885993 91
1745193541015 1.9848064184345433 92
1745193564202 1.9877027990864125 93
1745193589153 1.9674198950236461 94
1745193613621 1.9560696531639925 95
1745193636699 1.9696324442166047 96
1745193659924 1.9530998425117407 97
1745193683037 1.9581703108685664 98
1745193705784 1.9524186483892436 99
1745193728906 1.9494103769693067 100
1745193751372 1.942608475096339 101
1745193773045 1.934568823743087 102
1745193796822 1.9325919798338498 103
1745193819271 1.947512110678801 104
1745193842651 1.9397736389429543 105
1745193867450 1.9299871798960186 106
1745193891359 1.9344342337649576 107
1745193913553 1.9313681871889017 108
1745193935453 1.9117109986470746 109
1745193958190 1.8986480212408288 110
1745193979946 1.890063287155525 111
1745194003472 1.8940757865563016 112
1745194029216 1.8893577510216197 113
1745194054008 1.879225529078903 114
1745194079213 1.8795556215841063 115
1745194104318 1.8773427075945615 116
1745194129632 1.863671271392732 117
1745194153447 1.8635144372411563 118
1745194176050 1.8599240675931872 119
1745194198972 1.8545771746380633 120
1745194223397 1.8549365906679816 121
1745194248332 1.8530238779083978 122
1745194272646 1.841473987109148 123
1745194298216 1.8502987809667146 124
1745194323162 1.8397030904043516 125
1745194348332 1.8380813807211487 126
1745194372838 1.8253175578901828 127
1745194396712 1.8404253174360183 128
1745194419689 1.8406263161802954 129
1745194442844 1.8211366959188655 130
1745194465800 1.810804673304962 131
1745194488985 1.8170919471826308 132
1745194512137 1.8034695137469094 133
1745194534776 1.8008398778013144 134
1745194559544 1.790621174160374 135
1745194582724 1.7925547715393924 136
1745194605662 1.797162629353895 137
1745194628344 1.778185708895357 138
1745194651054 1.7812055713704977 139
1745194674045 1.7802336450201115 140
1745194696397 1.7680817297094131 141
1745194718515 1.757610787024088 142
1745194741168 1.7642089982570697 143
1745194764605 1.7701125461193206 144
1745194787408 1.7637194944494734 145
1745194812109 1.7502859127701906 146
1745194837562 1.752184266851649 147
1745194861403 1.747555516234287 148
1745194884388 1.7508085548514425 149
1745194907146 1.734685901347305 150
1745194932127 1.7449738088025923 151
1745194957489 1.7417268768460272 152
1745194982469 1.7251295036596754 153
1745195008232 1.7302576302761739 154
1745195033225 1.7285497636151017 155
1745195056235 1.7219749506752422 156
1745195081051 1.7323120830157015 157
1745195105901 1.726516814414645 158
1745195130232 1.7095999228899195 159
1745195155947 1.704067731201774 160
1745195181165 1.695342380755486 161
1745195206177 1.6935167312230595 162
1745195231219 1.690838388406514 163
1745195255668 1.6936184501807046 164
1745195279187 1.6941909153138128 165
1745195303765 1.6780341634133022 166
1745195326936 1.6725228216268901 167
1745195351839 1.671264082137002 168
1745195375978 1.6642054430952513 169
1745195400396 1.660701954064749 170
1745195425653 1.6564091983532745 171
1745195447981 1.663635562201817 172
1745195473146 1.659354614240312 173
1745195498933 1.641490143064931 174
1745195523105 1.656973929168322 175
1745195547872 1.6559778904247153 176
1745195573110 1.6352260021470133 177
1745195599074 1.6424462640937536 178
1745195624651 1.6294419097347312 179
1745195647534 1.6225337752208784 180
1745195671390 1.6332109079560395 181
1745195696699 1.626941752369888 182
1745195721628 1.6125136904822472 183
1745195747021 1.6127979493096702 184
1745195772540 1.615110187100332 185
1745195795952 1.6102269084316911 186
1745195818789 1.6067376594227896 187
1745195841300 1.6015216873824822 188
1745195863970 1.6010320123931774 189
1745195886903 1.5954660859621337 190
1745195908871 1.5876517662353353 191
1745195930449 1.586916234909536 192
1745195952688 1.5784469062948663 193
1745195978162 1.5730091578923338 194
1745196001877 1.5891268269329974 195
1745196024553 1.5830964181085203 196
1745196047834 1.5693725882839535 197
1745196070540 1.572043098586041 198
1745196093087 1.5581768591328047 199
1745196115675 1.5553255670865627 200
1745196138859 1.5513352103603393 201
1745196164513 1.5633584364775777 202
1745196190063 1.5556703887413208 203
1745196215873 1.5571438166531708 204
1745196238373 1.5605032938450714 205
1745196260762 1.5459727313418055 206
1745196283772 1.5394855486640113 207
1745196305772 1.5353129119755164 208
1745196329470 1.5296851709052863 209
1745196354129 1.5234864452754364 210
1745196379886 1.5134760369118045 211
1745196404952 1.5240557198610412 212
1745196429354 1.5229557199844446 213
1745196454439 1.5187385864931653 214
1745196480004 1.5282184363488842 215
1745196505183 1.5136302391857146 216
1745196529799 1.5163251433510547 217
1745196555241 1.511753011213012 218
1745196578848 1.5060356902197385 219
1745196601412 1.4969675511907834 220
1745196626411 1.489459229587018 221
1745196651896 1.4883568868802068 222
1745196674511 1.480532050740323 223
1745196697338 1.4847216616960548 224
1745196719348 1.4855759257749004 225
1745196742334 1.4770845672888457 226
1745196764412 1.479421512399553 227
1745196786714 1.4737380343532802 228
1745196809190 1.471491297318617 229
1745196832143 1.4688064710116902 230
1745196854964 1.4720907128420309 231
1745196877256 1.4516621313749578 232
1745196899684 1.4575423537469703 233
1745196925348 1.4488728636779444 234
1745196950499 1.4502518897725034 235
1745196975349 1.4495206780092789 236
1745197000646 1.4529132259545354 237
1745197025362 1.440326032219764 238
1745197048211 1.4380309024294067 239
1745197073489 1.4355849052155754 240
1745197096585 1.424919041900098 241
1745197119819 1.4286594068198557 242
1745197143792 1.430663962747092 243
1745197169369 1.4088417732584697 244
1745197193135 1.400583761386783 245
1745197218568 1.4197207674691035 246
1745197243964 1.420915151900444 247
1745197268998 1.41820124005754 248
1745197294559 1.4157455305452606 249
1745197319989 1.4147608499479185 250
1745197345113 1.4144144148533335 251
1745197368208 1.395359073420685 252
1745197389870 1.3987879622860735 253
1745197412950 1.3944435885740571 254
1745197436457 1.3886694139344895 255
1745197459737 1.3976640322438656 256
1745197485042 1.3870211685230598 257
1745197510176 1.3732198940550093 258
1745197535357 1.3745494947078574 259
1745197560817 1.3728130302568502 260
1745197586276 1.374401451665133 261
1745197611023 1.373882864044839 262
1745197634627 1.3674664170046333 263
1745197658595 1.3624505418524642 264
1745197683902 1.351926511268673 265
1745197708957 1.3591482298555946 266
1745197732809 1.3626506666505271 267
1745197755134 1.3600255120757023 268
1745197779808 1.3432874923791953 269
1745197805171 1.3374856194233058 270
1745197829931 1.3543977883134308 271
1745197854455 1.3419575285857066 272
1745197879452 1.3467156818264194 273
1745197903770 1.3426522599825241 274
1745197926674 1.3306846795662355 275
1745197949612 1.3345088044775728 276
1745197972884 1.3329508445511826 277
1745197997416 1.3226589363087133 278
1745198019121 1.3166794505106545 279
1745198041377 1.325718797469287 280
1745198063944 1.3213898811063418 281
1745198086435 1.306590964587835 282
1745198109182 1.3170777403629341 283
1745198134291 1.300717872324368 284
1745198158873 1.2951833469164489 285
1745198183938 1.2937191499850489 286
1745198208832 1.2920358938843437 287
1745198231903 1.298020667531545 288
1745198253877 1.2944518084441692 289
1745198275228 1.2859236840902506 290
1745198297581 1.2817598351165058 291
1745198320250 1.2856634442106096 292
1745198343211 1.2842209936120008 293
1745198365746 1.2820558665667126 294
1745198390174 1.2773756360366608 295
1745198415595 1.2754147974096988 296
1745198439194 1.274620996341078 297
1745198461334 1.271202387169204 298
1745198483396 1.27026138019667 299
1745198505253 1.260289378547215 300
1745198528367 1.2593739130144712 301
1745198549975 1.2541855636133823 302
1745198571621 1.2577180351087993 303
1745198594365 1.2568454757707053 304
1745198617417 1.2556934065728464 305
1745198640515 1.2559891866834012 306
1745198665854 1.2404719326424343 307
1745198690227 1.2421569406912638 308
1745198715695 1.2346224818009133 309
1745198739496 1.2361700549978527 310
1745198763745 1.2339609460807326 311
1745198786234 1.2292279359877123 312
1745198809594 1.2261183579891182 313
1745198834522 1.2279135584494567 314
1745198858982 1.2245341553828417 315
1745198881336 1.2238284144793277 316
1745198903855 1.2137981333463332 317
1745198926370 1.2100072821978827 318
1745198949005 1.21561977857377 319
1745198971246 1.2122649601290723 320
1745198993156 1.2118229876206221 321
1745199015095 1.2020498704464309 322
1745199038493 1.1965921583642989 323
1745199060960 1.1939289055243227 324
1745199084169 1.1819643294716669 325
1745199106746 1.1948933005599152 326
1745199129039 1.1937827804016623 327
1745199151650 1.185102592172675 328
1745199174316 1.1838826604701105 329
1745199196993 1.1824874685761706 330
1745199221924 1.1879430575564052 331
1745199247541 1.1761858678928265 332
1745199272879 1.1737919678741666 333
1745199298426 1.175638236307444 334
1745199323505 1.1693172317958143 335
1745199348338 1.1693991953745866 336
1745199370870 1.1608288129294442 337
1745199393013 1.1619890013935938 338
1745199415780 1.1620570235259708 339
1745199438020 1.1640307372392864 340
1745199459843 1.159447683057442 341
1745199481431 1.1477263828824866 342
1745199503911 1.1429621414580908 343
1745199526877 1.1481264315086748 344
1745199549749 1.1431532313999457 345
1745199573226 1.14174906889109 346
1745199598240 1.1429591247833053 347
1745199623301 1.1345527573735674 348
1745199648200 1.1317918515001189 349
1745199670275 1.1233525575867167 350
1745199695605 1.142242788097196 351
1745199720390 1.1368178392738142 352
1745199743367 1.136273530428151 353
1745199765906 1.1205616491404764 354
1745199788968 1.1094173713696447 355
1745199811555 1.1228030163007106 356
1745199835371 1.110844764595412 357
1745199860037 1.116361283501841 358
1745199884399 1.1163196212628925 359
1745199907567 1.0945005515318624 360
1745199930266 1.1031235033977416 361
1745199953060 1.0991572413543422 362
1745199976477 1.099211026919507 363
1745199999837 1.0926296026690598 364
1745200021695 1.0868872441312265 365
1745200043927 1.0890670022275417 366
1745200067879 1.091533387645127 367
1745200093024 1.0826203933431164 368
1745200117435 1.0709772872432797 369
1745200140373 1.0785762324965253 370
1745200164817 1.076189706379179 371
1745200189033 1.064635178255103 372
1745200210405 1.0676726152205909 373
1745200235189 1.0726293180589637 374
1745200259835 1.0630203233471984 375
1745200285152 1.0711487834970144 376
1745200309618 1.057068854631459 377
1745200333790 1.0553895714557713 378
1745200357219 1.0509739942580913 379
1745200379527 1.0481372819868937 380
1745200402931 1.0420949123251735 381
1745200424862 1.050551354088838 382
1745200447036 1.0423071739949308 383
1745200468839 1.0455210286651797 384
1745200491494 1.054252059557117 385
1745200513599 1.0333982515330855 386
1745200536483 1.0324070955156504 387
1745200557855 1.0208619046077827 388
1745200580339 1.0280645085884685 389
1745200602643 1.0275775573007722 390
1745200625670 1.0228054030771363 391
1745200647820 1.0269293450500256 392
1745200670720 1.0310751923166932 393
1745200692981 1.0124388753955995 394
1745200715343 1.0097893398613702 395
1745200740572 1.0189689379537767 396
1745200762260 1.0158167963427855 397
1745200784966 1.018940976049286 398
1745200806909 1.0124792454908311 399
1745200832151 1.0052761538341772 400
1745200856652 1.0034823452896457 401
1745200882074 1.004686280148994 402
1745200904134 0.9965139330846672 403
1745200926850 0.994711045772401 404
1745200951176 1.0003043858795582 405
1745200975954 0.9808030884059952 406
1745200999618 0.9855914050008524 407
1745201022289 0.9875121358515849 408
1745201044293 0.9785370578658198 409
1745201066773 0.9920385279174003 410
1745201090503 0.9837552345909426 411
1745201112847 0.9837567794632703 412
1745201135377 0.9792199262162219 413
1745201157578 0.9685586471484051 414
1745201179657 0.9765458581612898 415
1745201201842 0.966214867130614 416
1745201224418 0.9695779344622091 417
1745201248160 0.9698441678563391 418
1745201270805 0.9724315657413879 419
1745201293457 0.9651350006386763 420
1745201316573 0.9621843217330671 421
1745201339138 0.9560000043880694 422
1745201361476 0.9553889840905495 423
1745201384509 0.9460515460800403 424
1745201409984 0.9608230150133268 425
1745201434186 0.951344017983078 426
1745201458673 0.9428633042404091 427
1745201483204 0.9463826436623806 428
1745201508470 0.9421799033339996 429
1745201532182 0.9417025431271873 430
1745201557222 0.935686592135959 431
1745201581612 0.9191800476595627 432
1745201603888 0.9246769208439907 433
1745201626780 0.9265981291367126 434
1745201649602 0.9268170909826128 435
1745201671253 0.9279920538611782 436
1745201693808 0.920278431956522 437
1745201716046 0.9193863667059923 438
1745201738777 0.9147808581998571 439
1745201760451 0.9129329348404231 440
1745201782246 0.9192510635790522 441
1745201804017 0.9162776892736222 442
1745201826729 0.9141379423159989 443
1745201849065 0.9211224634513516 444
1745201871131 0.9130907438678989 445
1745201894360 0.9082401586800638 446
1745201917199 0.9037414517311576 447
1745201938837 0.9111830295251856 448
1745201961346 0.9067007268478717 449
1745201984130 0.8932512114634843 450
1745202007291 0.8975726847206847 451
1745202029793 0.8950645897119373 452
1745202053878 0.8896943396939957 453
1745202077341 0.8900770309716682 454
1745202101662 0.8847454289585499 455
1745202124343 0.8794680675194169 456
1745202147624 0.8791549917449059 457
1745202170837 0.8800853558719322 458
1745202192767 0.879598407741885 459
1745202216211 0.8767861094511341 460
1745202239951 0.8764601847992293 461
1745202262816 0.8707617053138847 462
1745202288075 0.869047921313777 463
1745202313873 0.8633237916940197 464
1745202339006 0.8734662597760176 465
1745202363846 0.8607636653129583 466
1745202387882 0.864984753944282 467
1745202412078 0.8575933371780549 468
1745202437167 0.8698321025800578 469
1745202461436 0.864110104747104 470
1745202483740 0.8539631823574974 471
1745202505741 0.8493831532480005 472
1745202529740 0.8551353664687839 473
1745202553360 0.8458017755069619 474
1745202577745 0.8450065463982576 475
1745202600861 0.8460475255732478 476
1745202623965 0.8459146328122849 477
1745202646780 0.8547621986653754 478
1745202670316 0.850199600157867 479
1745202694838 0.8346573249630695 480
1745202718383 0.839812190446904 481
1745202740446 0.8414600678539892 482
1745202763660 0.8369160980626646 483
1745202786051 0.8340186455892653 484
1745202808755 0.8337278721833342 485
1745202831244 0.8300859404198541 486
1745202853734 0.8337558333831673 487
1745202876848 0.8238717753517654 488
1745202900008 0.8231258680358898 489
1745202922925 0.8183493902601424 490
1745202945265 0.8238890181577828 491
1745202968475 0.8135053335057557 492
1745202994067 0.8207268591485949 493
1745203019115 0.8123081580044004 494
1745203043845 0.8123237365021356 495
1745203068480 0.8121517075538109 496
1745203090788 0.8038704654768724 497
1745203113675 0.7990281068995523 498
1745203135532 0.8055741691090066 499
1745203158569 0.8033482797166701 500
1745203181080 0.8070992188120653 501
1745203203389 0.797058449298051 502
1745203225794 0.8064670880715049 503
1745203247729 0.793593994275044 504
1745203270461 0.7975721306890992 505
1745203292439 0.796185859852283 506
1745203314683 0.792748590727337 507
1745203338033 0.7879621948369204 508
1745203359865 0.7915924548280291 509
1745203381995 0.7922387324749621 510
1745203405327 0.7983869839404459 511
1745203428344 0.7850794095705338 512
1745203450781 0.7802563881217344 513
1745203473316 0.7872057731868953 514
1745203496510 0.7817549036250862 515
1745203519492 0.7845220803960409 516
1745203541375 0.7723187940686898 517
1745203563322 0.7839010673559053 518
1745203585647 0.7766903122595756 519
1745203608172 0.7743297093140745 520
1745203630500 0.7673990230020034 521
1745203652680 0.75902576394459 522
1745203675464 0.7635868003262272 523
1745203697969 0.7670765088365333 524
1745203719642 0.7618546931475507 525
1745203742075 0.7553618034608616 526
1745203763919 0.7559561751124823 527
1745203786878 0.753468939883986 528
1745203809612 0.7563096386166748 529
1745203832658 0.757286444457092 530
1745203855385 0.7487236161036288 531
1745203877967 0.7436278502910174 532
1745203901952 0.7512933096062343 533
1745203927701 0.7503464608576529 534
1745203952407 0.7389932010035466 535
1745203974196 0.7408624106267261 536
1745203996852 0.7361024411474661 537
1745204020388 0.7399838889159024 538
1745204042585 0.7352262757281676 539
1745204064758 0.7349021628553055 540
1745204087216 0.7461611414725566 541
1745204109893 0.7381069989412625 542
1745204132389 0.7259272518252602 543
1745204154772 0.7268499006169209 544
1745204177506 0.7273903603966184 545
1745204202756 0.7235994370060747 546
1745204225411 0.7225026192535818 547
1745204250317 0.7204962128249928 548
1745204275003 0.7265890942772552 549
1745204298844 0.7144697779361292 550
1745204322220 0.7213153007405819 551
1745204346894 0.7183485833110587 552
1745204372617 0.7213381230758723 553
1745204396070 0.7127434947780839 554
1745204418993 0.7137413843219357 555
1745204441492 0.7057880948476976 556
1745204465414 0.7072434557128906 557
1745204489378 0.6969454726300188 558
1745204513727 0.7055245916795231 559
1745204535760 0.710706283533519 560
1745204558300 0.7069546371180064 561
1745204583918 0.7085737374896194 562
1745204609078 0.7078108776170101 563
1745204631823 0.7022211458197333 564
1745204654192 0.7032466291832828 565
1745204677083 0.7033270803691617 566
1745204699159 0.6933507148357294 567
1745204722505 0.6867590263267073 568
1745204745089 0.6868715462642446 569
1745204767618 0.6852162936721945 570
1745204790473 0.6900510011705131 571
1745204813114 0.6864044386314125 572
1745204836314 0.6881325594147573 573
1745204859122 0.6831893675481825 574
1745204881563 0.6819645954781816 575
1745204902979 0.6834500053091646 576
1745204926067 0.6763081966430347 577
1745204948965 0.6783989653811047 578
1745204971362 0.6763399487622427 579
1745204993868 0.6693903987331942 580
1745205017100 0.6682431589997601 581
1745205039535 0.6703097492714027 582
1745205062512 0.6699416145086117 583
1745205087593 0.6668227370855794 584
1745205113449 0.6596391808885389 585
1745205136692 0.6590420336720149 586
1745205159721 0.66285629140917 587
1745205182030 0.661944426432234 588
1745205204193 0.6708534564953078 589
1745205226830 0.6640213144419127 590
1745205248606 0.6633210054635156 591
1745205271156 0.652593287837407 592
1745205295418 0.6517888719915558 593
1745205319362 0.6569659165843669 594
1745205343038 0.6541092133300419 595
1745205367192 0.6564791085416378 596
1745205389470 0.6442989859451665 597
1745205412788 0.6414551809999721 598
1745205435620 0.6463424342153214 599
1745205458517 0.6428470678572489 600
1745205480593 0.6427616528815739 601
1745205503894 0.6423020910707739 602
1745205527327 0.645406643853387 603
1745205550299 0.649866128668225 604
1745205573008 0.6468698764234561 605
1745205596099 0.6470839669863361 606
1745205618700 0.6395824903559829 607
1745205641205 0.6358369724660996 608
1745205664234 0.6339236903266637 609
1745205688268 0.6356664378443219 610
1745205712868 0.634501109317418 611
1745205737540 0.63185318710156 612
1745205762410 0.6267184311409135 613
1745205787274 0.633695850887709 614
1745205811975 0.6300983273752265 615
1745205837066 0.6236987321282502 616
1745205862038 0.6264114044001855 617
1745205886969 0.6209612698763994 618
1745205912549 0.6182282263149412 619
1745205938593 0.6164528083045642 620
1745205963892 0.6125938731882629 621
1745205988456 0.6076538758446354 622
1745206013468 0.6203106641009944 623
1745206039013 0.6206761839984164 624
1745206064149 0.614476171292219 625
1745206089299 0.615682135964323 626
1745206112879 0.6153452732432328 627
1745206136004 0.6189973992165397 628
1745206158381 0.613045160191724 629
1745206181017 0.6063364207392857 630
1745206203775 0.6109683310750836 631
1745206226786 0.6098497448670716 632
1745206249590 0.6079760572606656 633
1745206272309 0.6076614794892131 634
1745206295556 0.603151055188621 635
1745206318542 0.6053546829066525 636
1745206341155 0.5960008084038825 637
1745206364587 0.597804665305746 638
1745206386919 0.592148501131689 639
1745206410034 0.5957778481535219 640
1745206432342 0.5868545399875799 641
1745206454908 0.5906690499688937 642
1745206480441 0.5945875367119176 643
1745206504925 0.5897639458377569 644
1745206528682 0.5905360313974667 645
1745206553404 0.5904337238063726 646
1745206576004 0.5848167017099305 647
1745206599423 0.5853420453337532 648
1745206621729 0.5817054595926267 649
1745206644166 0.5805357597237268 650
1745206666995 0.5796999126380508 651
1745206692301 0.5798890413462955 652
1745206717445 0.5803532339871312 653
1745206742249 0.5888524781718785 654
1745206767102 0.5708661825130308 655
1745206790416 0.5721131292038283 656
1745206812771 0.5718874214319829 657
1745206835216 0.5700197749571133 658
1745206860475 0.5668173943171195 659
1745206883472 0.5591259837297768 660
1745206906554 0.5679112199576279 661
1745206930313 0.5645827027147353 662
1745206952927 0.5611937683052765 663
1745206975499 0.5652056442634933 664
1745206998278 0.5614430199121018 665
1745207020975 0.5586679719698534 666
1745207045250 0.5580790585633908 667
1745207069976 0.5570571720284989 668
1745207095450 0.5556565811089309 669
1745207117949 0.5545562319224603 670
1745207140727 0.5527593422242248 671
1745207166502 0.5512575511359651 672
1745207191380 0.5509166162612348 673
1745207216049 0.5493029143891057 674
1745207238018 0.5430676771004689 675
1745207260709 0.5445938441900833 676
1745207283552 0.5479618897005843 677
1745207307067 0.5426354798433121 678
1745207329721 0.5437489343847619 679
1745207351535 0.5422961438490065 680
1745207374233 0.5460591594938747 681
1745207397403 0.5477738871222292 682
1745207419716 0.534500115418246 683
1745207441397 0.5406843112399367 684
1745207464166 0.5372732113395003 685
1745207486845 0.5349852988295204 686
1745207512482 0.5369001364142811 687
1745207537202 0.5392046591376407 688
1745207562117 0.5400016108747397 689
1745207587275 0.5340570042404249 690
1745207613270 0.5354526820299954 691
1745207638128 0.5277073754849341 692
1745207663160 0.5230547956121712 693
1745207687258 0.526342805185206 694
1745207712198 0.531343266171391 695
1745207736605 0.5313504708489656 696
1745207762686 0.5287436256309468 697
1745207787416 0.5217766145355028 698
1745207813454 0.5291274620886358 699
1745207839388 0.5190125324461138 700
1745207867365 0.5169644409994398 701
1745207892072 0.5228737871517467 702
1745207916449 0.5151744281727086 703
1745207941110 0.5219609875887901 704
1745207964871 0.5248330908328547 705
1745207989836 0.5124295768827144 706
1745208015951 0.5118303754125785 707
1745208038420 0.5107742372756184 708
1745208061355 0.5077971079043837 709
1745208084234 0.5076940009262203 710
1745208107535 0.5057052400903859 711
1745208131125 0.5052827594873424 712
1745208155355 0.5134609814626785 713
1745208179621 0.509672906683909 714
1745208203136 0.5102615942746932 715
1745208226901 0.509917929542974 716
1745208250184 0.5133101283303964 717
1745208273214 0.5035596651746608 718
1745208296787 0.5015567907487669 719
1745208319994 0.49407200983270594 720
1745208343524 0.49973254898557545 721
1745208366212 0.5024143423116443 722
1745208388974 0.49859943417779407 723
1745208412339 0.4962790692926331 724
1745208435535 0.49269852859963215 725
1745208459998 0.49051211188945054 726
1745208483551 0.49386540457556205 727
1745208507449 0.49561551478881266 728
1745208532854 0.49377736377307835 729
1745208558285 0.4935594898054103 730
1745208583442 0.49311198591812117 731
1745208607631 0.4882879769082129 732
1745208631203 0.4846151918470848 733
1745208654505 0.4870696735242245 734
1745208678071 0.4897397513207347 735
1745208701332 0.48593286676555497 736
1745208724223 0.4806714791180832 737
1745208747714 0.48868875471050427 738
1745208771433 0.4839752557151236 739
1745208794662 0.4760235375099349 740
1745208818371 0.4774130196334068 741
1745208842142 0.4715055485718252 742
1745208865010 0.4783131735374996 743
1745208888703 0.4772915969378741 744
1745208912399 0.4777055422547608 745
1745208935973 0.4826203184892291 746
1745208959738 0.4788950167389543 747
1745208982754 0.4740509023239461 748
1745209008138 0.47969949625375924 749
1745209030852 0.47359703557491234 750
1745209054179 0.46764936157655496 751
1745209076497 0.47317081108844333 752
1745209098955 0.45894669442181757 753
1745209123455 0.46598575492221167 754
1745209148941 0.46267662296165013 755
1745209174472 0.47195355085483404 756
1745209199624 0.46398679998777875 757
1745209224414 0.46267397333884486 758
1745209249090 0.4634088290659159 759
1745209272150 0.46006710514360266 760
1745209295102 0.4673467285678804 761
1745209318166 0.4582965771800076 762
1745209341015 0.460674378437874 763
1745209363481 0.4520116435589869 764
1745209387543 0.4560567116662946 765
1745209412848 0.4503406058508451 766
1745209438278 0.45198291607416213 767
1745209463818 0.45299856974197195 768
1745209489331 0.4539551026598985 769
1745209514863 0.4501446980711236 770
1745209538003 0.4470248658936424 771
1745209563306 0.44633722280776744 772
1745209588023 0.44388327468088745 773
1745209613225 0.45010764912607015 774
1745209638235 0.4487683902573492 775
1745209663141 0.4496012902012668 776
1745209688567 0.4407603618096382 777
1745209713336 0.44149801782173814 778
1745209738871 0.4403453211603665 779
1745209762366 0.44178939053369704 780
1745209787441 0.43770240548432043 781
1745209812368 0.44206189592396306 782
1745209835245 0.43510444543976023 783
1745209858713 0.43381673776239865 784
1745209881841 0.4372835849485579 785
1745209904370 0.43433297748672345 786
1745209926970 0.42975134783610974 787
1745209949459 0.43042764070360817 788
1745209972422 0.43089026106230227 789
1745209994727 0.42668064294905356 790
1745210017055 0.42370713456816106 791
1745210040002 0.43198388060164367 792
1745210062616 0.42587692909791813 793
1745210086447 0.42323691834000376 794
1745210109191 0.4229235820144966 795
1745210132152 0.4252231075199804 796
1745210154576 0.43016255660053615 797
1745210180162 0.42078983880000675 798
1745210205255 0.42432693511663777 799
1745210228604 0.4205462868981527 800
