1743803961010 0.06153626499143346 0
1743803967601 0.06153626499143346 1
1743803973654 0.06153626499143346 2
1743803980195 0.06153626499143346 3
1743803986317 0.06153626499143346 4
1743803992951 0.06153626499143346 5
1743803999401 0.06153626499143346 6
1743804005580 0.06153626499143346 7
1743804012285 0.06153626499143346 8
1743804018136 0.06153626499143346 9
1743804023943 0.06153626499143346 10
1743804030756 0.06153626499143346 11
1743804037389 0.06153626499143346 12
1743804043425 0.06153626499143346 13
1743804049527 0.06153626499143346 14
1743804055845 0.06153626499143346 15
1743804062575 0.06153626499143346 16
1743804069059 0.06153626499143346 17
1743804075781 0.06153626499143346 18
1743804082032 0.06153626499143346 19
1743804088761 0.06153626499143346 20
1743804094940 0.06153626499143346 21
1743804100947 0.06153626499143346 22
1743804107298 0.06153626499143346 23
1743804113702 0.06153626499143346 24
1743804120584 0.06153626499143346 25
1743804126696 0.06153626499143346 26
1743804133443 0.06153626499143346 27
1743804139470 0.06153626499143346 28
1743804145536 0.06153626499143346 29
1743804152587 0.06153626499143346 30
1743804158581 0.06153626499143346 31
1743804165164 0.06153626499143346 32
1743804171987 0.06153626499143346 33
1743804178355 0.06153626499143346 34
1743804184623 0.06153626499143346 35
1743804191157 0.06153626499143346 36
1743804197551 0.06153626499143346 37
1743804204016 0.06153626499143346 38
