1743803961011 2.346267675372484 0
1743803967602 2.3462676726428255 1
1743803973654 2.3462676728560803 2
1743803980196 2.346267672813429 3
1743803986318 2.3462676727281275 4
1743803992952 2.3462676726428255 5
1743803999402 2.3462676726854763 6
1743804005580 2.3462676728560803 7
1743804012286 2.3462676726428255 8
1743804018137 2.346267672472222 9
1743804023943 2.3462676722589673 10
1743804030757 2.34626767238692 11
1743804037390 2.3462676737944 12
1743804043428 2.346267673751749 13
1743804049528 2.3462676736237964 14
1743804055846 2.3462676737090984 15
1743804062576 2.3462676746047673 16
1743804069060 2.346267674647418 17
1743804075782 2.3462676750739275 18
1743804082033 2.346267674178258 19
1743804088762 2.3462676746047673 20
1743804094941 2.3462676749886255 21
1743804100948 2.34626767520188 22
1743804107299 2.346267674860673 23
1743804113703 2.346267674647418 24
1743804120585 2.3462676767799637 25
1743804126696 2.346267674391513 26
1743804133444 2.3462676762681527 27
1743804139471 2.3462676787419054 28
1743804145537 2.346267678912509 29
1743804152588 2.3462676793816692 30
1743804158582 2.346267680319989 31
1743804165165 2.34626767942432 32
1743804171988 2.3462676796375748 33
1743804178356 2.3462676791257637 34
1743804184624 2.3462676810024035 35
1743804191158 2.346267679978782 36
1743804197551 2.34626767989348 37
1743804204016 2.3462676787419054 38
