1742777837839 0.3085003855050116 0
1742777842762 0.4733037779491133 1
1742777847986 0.6534309946029299 2
1742777853172 0.7762143407864303 3
1742777858236 0.8142829606784888 4
1742777863105 0.8459907478797224 5
1742777868232 0.8726869699306091 6
1742777873149 0.89745566692367 7
1742777878066 0.9041056283731689 8
1742777883000 0.9250192752505783 9
1742777887992 0.9368735543562067 10
1742777892917 0.9403430994602929 11
1742777897803 0.9445836545875096 12
1742777902775 0.9421742482652274 13
1742777907623 0.9526792598303778 14
1742777912448 0.9613531225905937 15
1742777917289 0.9615458750963762 16
1742777922171 0.9685813415574402 17
1742777927133 0.9708943716268311 18
1742777932103 0.9735929067077872 19
1742777937064 0.9749421742482652 20
1742777942041 0.975231303006939 21
1742777946914 0.981206630686199 22
1742777951883 0.9794718581341557 23
1742777956703 0.9807247494217425 24
1742777961685 0.9813993831919815 25
1742777968143 0.9813030069390902 26
1742777975662 0.9821703932151118 27
1742777981981 0.981881264456438 28
1742777989197 0.9813030069390902 29
1742777994461 0.9843870470316114 30
1742777999401 0.9848689282960679 31
1742778004379 0.9861218195836546 32
1742778012756 0.9857363145720894 33
1742778020600 0.9848689282960679 34
1742778028405 0.9862181958365459 35
1742778037902 0.9862181958365459 36
1742778043389 0.9881457208943716 37
1742778048922 0.9892058596761758 38
1742778054420 0.9887239784117193 39
1742778059685 0.9886276021588281 40
1742778064804 0.988242097147263 41
1742778070034 0.9885312259059368 42
1742778075260 0.9896877409406323 43
1742778080234 0.9903623747108713 44
1742778085344 0.9898804934464148 45
1742778090398 0.9904587509637626 46
1742778095322 0.9900732459521974 47
1742778100258 0.9913261372397841 48
1742778105360 0.9914225134926754 49
1742778110594 0.9912297609868929 50
