1742777837840 2.749248192798466 0
1742777842763 1.9101650327019049 1
1742777847986 1.3841801117497825 2
1742777853173 1.040401435226872 3
1742777858237 0.8367748693413339 4
1742777863106 0.6824591887139139 5
1742777868233 0.5763990012534883 6
1742777873150 0.5106487810591014 7
1742777878066 0.42043610690812183 8
1742777883001 0.36579566883048864 9
1742777887993 0.3135369936247861 10
1742777892918 0.28716826803080875 11
1742777897804 0.2675010481428788 12
1742777902776 0.2585463029725744 13
1742777907624 0.22496104107889175 14
1742777912448 0.20043097702722842 15
1742777917290 0.19506521709229557 16
1742777922172 0.1690647368274759 17
1742777927134 0.15719882724975506 18
1742777932103 0.14029769087412905 19
1742777937068 0.13396335626752667 20
1742777942042 0.1328296285358559 21
1742777946915 0.11438659683085126 22
1742777951884 0.11506551063360891 23
1742777956704 0.10649305883713304 24
1742777961686 0.10474779180873295 25
1742777968144 0.09788197631998799 26
1742777975664 0.09668431272046991 27
1742777981982 0.09227172858755993 28
1742777989198 0.09069042293111626 29
1742777994462 0.08357092038165384 30
1742777999402 0.07894062416265335 31
1742778004380 0.07343742843147331 32
1742778012757 0.07273615706759395 33
1742778020601 0.07298536113804287 34
1742778028406 0.06901910914118176 35
1742778037902 0.06452556319139918 36
1742778043390 0.05936073489453516 37
1742778048923 0.05896138918965347 38
1742778054421 0.05775554991839487 39
1742778059685 0.05723002054683825 40
1742778064805 0.05511749447055207 41
1742778070035 0.05400897882947048 42
1742778075260 0.051093789935570684 43
1742778080235 0.04975381920382391 44
1742778085344 0.04753062382693251 45
1742778090398 0.046928514810331355 46
1742778095323 0.045309075899821756 47
1742778100259 0.04242069902154465 48
1742778105361 0.041296106227017924 49
1742778110595 0.04132262280775117 50
