1745242977885 0.0575677022761256 0
1745243014417 0.10001661405549095 1
1745243050652 0.13258016281774382 2
1745243086922 0.1537630835686991 3
1745243122956 0.17893337763748132 4
1745243158673 0.19430137896660574 5
1745243194717 0.20576507725535803 6
1745243230424 0.22171457052666557 7
1745243266980 0.23126765243395914 8
1745243303788 0.24198371822561887 9
1745243340097 0.2461372320983552 10
1745243376112 0.2558564545605582 11
1745243412577 0.26291742814421 12
1745243449120 0.26931383950822396 13
1745243485167 0.2768732347566041 14
1745243521638 0.2826050839009802 15
1745243557296 0.2845987705598937 16
1745243592867 0.286010965276624 17
1745243629461 0.29008140887190564 18
1745243665224 0.2965608905133743 19
1745243700527 0.29647782023591956 20
1745243736318 0.30328958298720715 21
1745243772904 0.30744309685994353 22
1745243808787 0.30827379963449075 23
1745243845472 0.3150855623857784 24
1745243881175 0.3197374979232431 25
1745243917850 0.3194882870908789 26
1745243954013 0.31882372487124105 27
1745243988182 0.31882372487124105 28
1745244023659 0.3209004818076092 29
1745244060677 0.3235587306861605 30
1745244097389 0.32563548762252864 31
1745244133511 0.3298720717727197 32
1745244169403 0.33037049343744807 33
1745244205490 0.32962286094035553 34
1745244241275 0.331616547599269 35
1745244276235 0.33394251536800135 36
1745244312150 0.33402558564545604 37
1745244347994 0.3332779531483635 38
1745244384323 0.33635155341418843 39
1745244420453 0.3397574347898322 40
1745244456445 0.3434955972752949 41
1745244492861 0.34357866755274963 42
1745244527947 0.3452400731018442 43
1745244563695 0.34499086226948 44
1745244599758 0.346818408373484 45
1745244635885 0.34831367336766905 46
1745244671570 0.3502242897491278 47
1745244706666 0.3513872736334939 48
1745244741973 0.351968765575677 49
1745244778487 0.3533809602924074 50
1745244815647 0.3527994683502243 51
1745244851739 0.3536301711247716 52
1745244887460 0.3547931550091377 53
1745244923319 0.3557899983385944 54
1745244960032 0.35703605250041537 55
1745244996031 0.35911280943678353 56
1745245032177 0.3615218474829706 57
1745245068581 0.3630171124771557 58
1745245104165 0.3637647449742482 59
1745245140465 0.36575843163316163 60
1745245175547 0.3652600099684333 61
1745245211831 0.36542615052334276 62
1745245248131 0.36625685329789004 63
1745245283722 0.3674198371822562 64
1745245318187 0.368998172453896 65
1745245352197 0.36966273467353383 66
1745245386438 0.36924738328626017 67
1745245422134 0.36908124273135073 68
1745245457857 0.37074264828044523 69
1745245494262 0.3708257185579 70
1745245530630 0.371739491609902 71
1745245566192 0.3719887024422662 72
1745245602442 0.37257019438444927 73
1745245637646 0.3727363349393587 74
1745245673617 0.3751453729855458 75
1745245709750 0.3758099352051836 76
1745245745407 0.37605914603754775 77
1745245781696 0.3765575677022761 78
1745245817882 0.37747134075427813 79
1745245853776 0.37788669214155174 80
1745245890585 0.37821897325137066 81
1745245926997 0.3799634490779199 82
1745245964020 0.3802957301877388 83
1745245999906 0.381458714072105 84
1745246036225 0.38287090878883534 85
1745246072872 0.38378468184083736 86
1745246109220 0.38378468184083736 87
1745246146296 0.3841169629506563 88
1745246182412 0.3839508223957468 89
1745246218743 0.3857783684997508 90
1745246255054 0.3857783684997508 91
1745246290729 0.38660907127429806 92
1745246327329 0.3866921415517528 93
1745246363180 0.3883535471008473 94
1745246398636 0.38760591460375476 95
1745246435018 0.3886027579332115 96
1745246471886 0.3896826715401229 97
1745246508824 0.39092872570194387 98
1745246544240 0.390264163482306 99
1745246579853 0.39209170958631 100
1745246615144 0.39200863930885527 101
1745246651368 0.3930885529157667 102
1745246687847 0.39283934208340254 103
1745246724303 0.39283934208340254 104
1745246761339 0.393919255690314 105
1745246796032 0.394833028742316 106
1745246830639 0.39317162319322146 107
1745246866570 0.39466688818740653 108
1745246901554 0.3952483801295896 109
1745246938226 0.395746801794318 110
1745246974042 0.3960790829041369 111
1745247009063 0.3964113640139558 112
1745247045414 0.3956637315168633 113
1745247079717 0.3964113640139558 114
1745247114348 0.3982389101179598 115
1745247149044 0.39882040206014285 116
1745247185494 0.398488120950324 117
1745247222256 0.3982389101179598 118
1745247258508 0.39840505067286924 119
1745247294748 0.3989034723375976 120
1745247331388 0.39940189400232595 121
1745247367200 0.3999003156670543 122
1745247403430 0.4000664562219638 123
1745247439734 0.40023259677687323 124
1745247475848 0.4004818076092374 125
1745247512451 0.4017278617710583 126
1745247548060 0.4023093537132414 127
1745247583850 0.40197707260342247 128
1745247620256 0.40297391593287923 129
1745247656454 0.4026416348230603 130
1745247691324 0.4035554078750623 131
1745247726293 0.40314005648778867 132
1745247762145 0.4032231267652434 133
1745247797941 0.4034723375976076 134
1745247833392 0.40455225120451904 135
1745247868920 0.40438611064960955 136
1745247905460 0.40496760259179265 137
1745247941683 0.405466024256521 138
1745247977614 0.4057152350888852 139
1745248013576 0.4066290081408872 140
1745248049828 0.4060475161987041 141
1745248084590 0.406379797308523 142
1745248120004 0.4056321648114305 143
1745248156327 0.4067120784183419 144
1745248193225 0.40754278119288917 145
1745248231049 0.407293570360525 146
1745248267561 0.40779199202525335 147
1745248303632 0.4080412028576175 148
1745248339282 0.4080412028576175 149
1745248375434 0.4084565542448912 150
1745248410936 0.40795813258016284 151
1745248446137 0.4084565542448912 152
1745248481241 0.4085396245223459 153
1745248518370 0.40895497590961954 154
1745248554060 0.4090380461870743 155
1745248590261 0.40928725701943847 156
1745248626643 0.40870576507725537 157
1745248663403 0.4094533975743479 158
1745248699795 0.4097026084067121 159
1745248736396 0.4097026084067121 160
1745248772437 0.4106163814587141 161
1745248808206 0.410034889516531 162
1745248843981 0.41078252201362353 163
1745248880389 0.41094866256853296 164
1745248917105 0.41078252201362353 165
1745248954436 0.4106163814587141 166
1745248991142 0.4112809436783519 167
1745249028330 0.4116962950656255 168
