1745242977886 4.510415730730933 0
1745243014418 4.276680920694294 1
1745243050652 4.053243477287388 2
1745243086923 3.8633295244256605 3
1745243122957 3.70862624443795 4
1745243158674 3.5660125970740237 5
1745243194718 3.462030139100707 6
1745243230425 3.360915857886707 7
1745243266981 3.274454870535677 8
1745243303789 3.1995329889192856 9
1745243340097 3.124662653620176 10
1745243376113 3.055813605830969 11
1745243412577 2.9941495259477593 12
1745243449124 2.949826262750361 13
1745243485168 2.8929454222503157 14
1745243521639 2.829536266916186 15
1745243557297 2.799837469678809 16
1745243592868 2.7638987035448683 17
1745243629461 2.7212231278469603 18
1745243665224 2.677020704147444 19
1745243700528 2.6475127908601235 20
1745243736318 2.6021018961038145 21
1745243772905 2.5749084364095123 22
1745243808788 2.548615558927126 23
1745243845472 2.5131656649659893 24
1745243881175 2.4880220451904678 25
1745243917851 2.4632858761271894 26
1745243954014 2.446543457698251 27
1745243988183 2.424217652484067 28
1745244023660 2.406220336748853 29
1745244060677 2.38672995514081 30
1745244097389 2.372553356145299 31
1745244133511 2.3550374450779805 32
1745244169403 2.3347941995882198 33
1745244205491 2.3248909461919176 34
1745244241276 2.2988729135623847 35
1745244276236 2.2843966554723503 36
1745244312151 2.27209741757817 37
1745244347995 2.2634109677625536 38
1745244384324 2.2450227400882246 39
1745244420454 2.233977997776539 40
1745244456446 2.224190368352692 41
1745244492861 2.2090285373503242 42
1745244527947 2.2000399426083046 43
1745244563696 2.1923607807416983 44
1745244599759 2.183063909398903 45
1745244635886 2.1716791602268897 46
1745244671571 2.1662427682857044 47
1745244706667 2.1579391790468585 48
1745244741974 2.148310878018513 49
1745244778488 2.1420412676870044 50
1745244815648 2.134667820536374 51
1745244851740 2.1298184443504784 52
1745244887461 2.1258457473511703 53
1745244923320 2.1184372957349575 54
1745244960033 2.1121044467857475 55
1745244996032 2.1011427326574954 56
1745245032178 2.0938099332031657 57
1745245068582 2.0857935870029487 58
1745245104165 2.075585655154 59
1745245140466 2.071881945551494 60
1745245175547 2.069699123129092 61
1745245211832 2.064949547498479 62
1745245248132 2.0622308911640586 63
1745245283723 2.0572559996568742 64
1745245318187 2.0516771336265 65
1745245352198 2.044401677993227 66
1745245386439 2.041989156948939 67
1745245422135 2.036766821522455 68
1745245457857 2.0303937457235683 69
1745245494263 2.0271716518073135 70
1745245530631 2.024804141477358 71
1745245566193 2.021582602402301 72
1745245602442 2.019538179857358 73
1745245637646 2.0192387667384755 74
1745245673618 2.0150507957826846 75
1745245709751 2.01030882790265 76
1745245745408 2.0056695440935206 77
1745245781696 2.0030612716308007 78
1745245817882 2.002037454770738 79
1745245853777 1.9988476065319845 80
1745245890585 1.995938838690131 81
1745245926997 1.990513777246792 82
1745245964021 1.9904950079596209 83
1745245999907 1.9873635456930594 84
1745246036226 1.9858992003584017 85
1745246072873 1.9818538803953292 86
1745246109220 1.979399750376384 87
1745246146297 1.976046920636964 88
1745246182413 1.9726836482840409 89
1745246218743 1.9690467961361149 90
1745246255054 1.9688899729082994 91
1745246290730 1.9689128075159863 92
1745246327330 1.9652388112955406 93
1745246363181 1.9642012530312212 94
1745246398637 1.9607268704423237 95
1745246435019 1.9593895702376591 96
1745246471887 1.9571176629612155 97
1745246508824 1.9530003510255831 98
1745246544241 1.9525153352062758 99
1745246579854 1.9515779948518928 100
1745246615144 1.9488717017647548 101
1745246651369 1.9474200612922936 102
1745246687847 1.9464947895913025 103
1745246724304 1.9438097763175521 104
1745246761340 1.9416794326593265 105
1745246796032 1.9382702372200904 106
1745246830640 1.937636350516814 107
1745246866570 1.9366654873320213 108
1745246901555 1.935569362493311 109
1745246938227 1.9338748247283204 110
1745246974043 1.9316680558517532 111
1745247009064 1.930379373128297 112
1745247045415 1.9300574814762173 113
1745247079718 1.9282972377362047 114
1745247114349 1.926919651869567 115
1745247149044 1.9245057725020696 116
1745247185494 1.9242610238984184 117
1745247222257 1.9222101609607412 118
1745247258509 1.9219509653164564 119
1745247294748 1.9221695000200074 120
1745247331388 1.92169902402596 121
1745247367201 1.9204705610382753 122
1745247403431 1.9191956539059347 123
1745247439734 1.9176279498892905 124
1745247475849 1.9145429651509343 125
1745247512452 1.9143094670570864 126
1745247548061 1.9122413514043388 127
1745247583851 1.9124039829766966 128
1745247620257 1.9121597862343245 129
1745247656454 1.911246406510253 130
1745247691324 1.9102391282698596 131
1745247726294 1.9093760403030533 132
1745247762146 1.9094371185780898 133
1745247797941 1.9084451371798399 134
1745247833393 1.9081609451570973 135
1745247868920 1.9071546714140644 136
1745247905461 1.9052746166350236 137
1745247941684 1.9036633310484856 138
1745247977614 1.9031369880220754 139
1745248013577 1.9015787396002162 140
1745248049828 1.9021199947444642 141
1745248084591 1.9003375415753272 142
1745248120005 1.9004656220259737 143
1745248156327 1.8997860727984397 144
1745248193226 1.8988548560602767 145
1745248231050 1.8986677168193185 146
1745248267561 1.8985079949821129 147
1745248303633 1.8983075637393836 148
1745248339283 1.897169619419711 149
1745248375435 1.8973703082179563 150
1745248410937 1.8960705112560976 151
1745248446138 1.8954235229840068 152
1745248481242 1.8956080566466906 153
1745248518371 1.8947085368863146 154
1745248554060 1.8959266017698073 155
1745248590261 1.893918051368339 156
1745248626644 1.8939355148058095 157
1745248663404 1.8931569992703592 158
1745248699795 1.8926747000050825 159
1745248736397 1.891812306450239 160
1745248772438 1.8911615516528482 161
1745248808206 1.8912108229123252 162
1745248843982 1.890470894392597 163
1745248880389 1.8911437464329113 164
1745248917105 1.8911479323970866 165
1745248954437 1.8903124141684973 166
1745248991143 1.890392231356827 167
1745249028330 1.8899094181987932 168
