1743812998139 0.05392501053222862 0
1743813010825 0.05392501053222862 1
1743813023372 0.05392501053222862 2
1743813035925 0.05399522538969246 3
1743813048477 0.05385479567476478 4
1743813060918 0.05378458081730094 5
1743813073317 0.05378458081730094 6
1743813085939 0.05399522538969246 7
1743813098300 0.05413565510462014 8
1743813110696 0.054276084819547814 9
1743813123466 0.0544165145344755 10
1743813136167 0.054276084819547814 11
1743813148506 0.05448672939193933 12
1743813161037 0.05462715910686701 13
1743813173593 0.05497823339418621 14
1743813185777 0.05490801853672237 15
1743813198179 0.055188877966577725 16
1743813210833 0.055188877966577725 17
1743813223250 0.055188877966577725 18
1743813235675 0.055188877966577725 19
1743813248125 0.05553995225389693 20
1743813261143 0.055680381968824605 21
1743813273804 0.055680381968824605 22
1743813286033 0.05553995225389693 23
1743813298705 0.05561016711136076 24
1743813310857 0.056101671113607636 25
1743813323207 0.05596124139867996 26
1743813335846 0.056382530543463 27
1743813348326 0.056312315685999155 28
1743813360597 0.05694424940317371 29
1743813373021 0.057225108833029066 30
1743813385620 0.05750596826288443 31
1743813397872 0.05820811683752282 32
1743813410095 0.058769835697233534 33
1743813422740 0.05891026541216121 34
1743813435236 0.05919112484201657 35
1743813447530 0.06003370313158264 36
1743813460258 0.060595421991293356 37
1743813472747 0.061086925993540236 38
1743813485094 0.06157842999578711 39
1743813496931 0.0626316528577447 40
1743813509548 0.0633338014323831 41
1743813521551 0.06480831343912372 42
1743813533562 0.06593175115854515 43
1743813546049 0.06747647802274961 44
1743813558698 0.068178626597388 45
1743813571258 0.06972335346159247 46
1743813584145 0.0708467911810139 47
1743813596677 0.07182979918550765 48
