1743812998140 2.3631830355014007 0
1743813010825 2.363104235311473 1
1743813023373 2.3630053266033086 2
1743813035926 2.3628726807462725 3
1743813048478 2.362724950617369 4
1743813060919 2.362547948852717 5
1743813073317 2.362358414967496 6
1743813085940 2.362128704163666 7
1743813098301 2.361876429035999 8
1743813110696 2.3615930608587483 9
1743813123467 2.3612727755412486 10
1743813136167 2.3609338700154305 11
1743813148510 2.3605816167288975 12
1743813161038 2.3602065072094636 13
1743813173593 2.359811400595345 14
1743813185777 2.3593755439695117 15
1743813198179 2.3589507094350393 16
1743813210834 2.358507037274967 17
1743813223251 2.358024552787021 18
1743813235675 2.3575113342460345 19
1743813248126 2.3569555728645977 20
1743813261144 2.356387906260305 21
1743813273805 2.3557643157579164 22
1743813286034 2.3551711580655947 23
1743813298705 2.3545002987127663 24
1743813310858 2.3538799774572716 25
1743813323208 2.3531531622107815 26
1743813335846 2.352404439783626 27
1743813348327 2.351678274545251 28
1743813360598 2.350921249964043 29
1743813373021 2.35014788574493 30
1743813385621 2.3493446286914264 31
1743813397873 2.3485162466366187 32
1743813410096 2.347747272406732 33
1743813422741 2.3468971285648585 34
1743813435236 2.3460219257770456 35
1743813447531 2.3451456970668616 36
1743813460258 2.3442623207803814 37
1743813472748 2.3433093055367538 38
1743813485095 2.3423732931322685 39
1743813496932 2.341403544431529 40
1743813509548 2.3403593767795456 41
1743813521552 2.3393653704580246 42
1743813533562 2.3383521508210214 43
1743813546049 2.3372539922878293 44
1743813558699 2.336117529137624 45
1743813571258 2.3349355292504237 46
1743813584145 2.333774864841894 47
1743813596677 2.3326225916634344 48
