1745222450222 0.01810932048513042 0
1745222467711 0.0367170626349892 1
1745222485294 0.04818076092374148 2
1745222502736 0.0563216481143047 3
1745222520128 0.06803455723542116 4
1745222537627 0.07891676358199036 5
1745222555363 0.09229107825220136 6
1745222573101 0.09071274298056156 7
1745222590799 0.09710915434457551 8
1745222608704 0.10093038710749294 9
1745222626425 0.09918591128094367 10
1745222644200 0.11206180428642631 11
1745222662040 0.12020269147698953 12
1745222679521 0.11879049676025918 13
1745222696907 0.12518690812427313 14
1745222714385 0.13208174115301546 15
1745222731642 0.13050340588137566 16
1745222748950 0.13083568699119455 17
1745222766932 0.12842664894500747 18
1745222784638 0.12344243229772388 19
1745222802184 0.12801129755773386 20
1745222819985 0.13183253032065126 21
1745222837523 0.13241402226283436 22
1745222855168 0.13806280112975577 23
1745222873157 0.1368998172453896 24
1745222890806 0.1418840338926732 25
1745222908649 0.13756437946502742 26
1745222926442 0.13606911447084233 27
1745222944173 0.1344077089217478 28
1745222961782 0.1338262169795647 29
1745222979767 0.14047183917594286 30
1745222997694 0.146203688320319 31
1745223015457 0.14537298554577172 32
1745223033159 0.14304701777703938 33
1745223050951 0.1409702608406712 34
1745223068570 0.14038876889848811 35
1745223085996 0.14296394749958466 36
1745223103438 0.14337929888685827 37
1745223120808 0.1418840338926732 38
1745223138326 0.14462535304867918 39
1745223155928 0.14570526665559064 40
1745223173468 0.14304701777703938 41
1745223191301 0.14512377471340754 42
1745223208781 0.14022262834357868 43
1745223226197 0.14271473666722048 44
1745223244178 0.13822894168466524 45
1745223262127 0.14022262834357868 46
1745223279920 0.14396079082904137 47
1745223297550 0.15035720219305532 48
1745223315102 0.14736667220468516 49
1745223333016 0.14238245555740156 50
1745223351178 0.14753281275959462 51
1745223369194 0.14205017444758267 52
1745223387235 0.14703439109486627 53
1745223405195 0.1413025419504901 54
1745223422990 0.14329622860940355 55
