1745222450223 4.599422485400469 0
1745222467712 4.50119026076047 1
1745222485295 4.41814648263241 2
1745222502736 4.341812401922273 3
1745222520128 4.276118907271037 4
1745222537628 4.219984542326348 5
1745222555364 4.167269295080713 6
1745222573101 4.132168249454555 7
1745222590800 4.0867684631099115 8
1745222608705 4.042392700898041 9
1745222626425 4.00981572176439 10
1745222644200 3.978149435809802 11
1745222662041 3.952932203051522 12
1745222679524 3.93876198256101 13
1745222696907 3.911534230515655 14
1745222714386 3.883456065605648 15
1745222731642 3.8702047352732705 16
1745222748951 3.8683693339314567 17
1745222766933 3.860421536498934 18
1745222784638 3.869861804271456 19
1745222802185 3.846455517562812 20
1745222819986 3.829306249059314 21
1745222837524 3.8232626371295475 22
1745222855169 3.806904868650657 23
1745222873157 3.783049275164546 24
1745222890806 3.7799371512009348 25
1745222908649 3.775187839525695 26
1745222926443 3.7691764589516543 27
1745222944173 3.7693883121990766 28
1745222961782 3.765492931691074 29
1745222979767 3.7602429096816015 30
1745222997695 3.7518109595790636 31
1745223015458 3.7474624984351563 32
1745223033160 3.744245989526105 33
1745223050952 3.748538902748929 34
1745223068571 3.743635747000769 35
1745223085997 3.7365066256529147 36
1745223103439 3.7338897939888858 37
1745223120809 3.7491087791748336 38
1745223138326 3.7314251677335535 39
1745223155929 3.7218727151502726 40
1745223173468 3.724187253703085 41
1745223191302 3.7217266475417725 42
1745223208782 3.736510681524754 43
1745223226197 3.7197778201894933 44
1745223244179 3.731746623474993 45
1745223262128 3.729962718441688 46
1745223279921 3.730693360595655 47
1745223297551 3.7142000105662625 48
1745223315102 3.7238676400182626 49
1745223333017 3.731267031775447 50
1745223351179 3.7281597301006917 51
1745223369194 3.729555283789376 52
1745223387236 3.7114504138277877 53
1745223405196 3.721167557877921 54
1745223422991 3.722908859194803 55
