1743806099374 0.06346373500856653 0
1743806111074 0.057609937178755 1
1743806121815 0.07766990291262135 2
1743806134239 0.12107367218732153 3
1743806144939 0.15676756139348944 4
1743806157058 0.17218732153055397 5
1743806168544 0.21880354083380926 6
1743806179599 0.24914334665905197 7
1743806191727 0.25485436893203883 8
1743806202001 0.32431467732724156 9
1743806212268 0.35836664762992576 10
1743806224428 0.3430896630496859 11
1743806236176 0.3449457452884066 12
1743806246949 0.34408909194745857 13
1743806257466 0.45445459737292976 14
1743806268358 0.5269131924614506 15
1743806279740 0.5153483723586522 16
1743806291078 0.593732153055397 17
1743806302380 0.6162193032552827 18
1743806313421 0.633280982295831 19
1743806325500 0.6353512278697887 20
1743806336561 0.6966733295259852 21
