1743806099374 2.339523219465143 0
1743806111074 2.3270660601702913 1
1743806121816 2.309206923986377 2
1743806134240 2.2932680985795364 3
1743806144939 2.274875814351711 4
1743806157058 2.2520219947016518 5
1743806168545 2.2284106897540084 6
1743806179600 2.221507261712137 7
1743806191728 2.2014321972730975 8
1743806202002 2.1726745569215478 9
1743806212269 2.1469638635945874 10
1743806224428 2.1158713549108965 11
1743806236181 2.0877939090532567 12
1743806246950 2.0629519477726523 13
1743806257467 2.0299913800892977 14
1743806268359 1.9922548750005595 15
1743806279741 1.9667266989010177 16
1743806291079 1.8992824735709721 17
1743806302381 1.8767534099239356 18
1743806313422 1.7978138359160245 19
1743806325501 1.7290269059230687 20
1743806336562 1.6673472778208567 21
