1745220528846 0.010051503572021931 0
1745220540884 0.008639308855291577 1
1745220553402 0.009968433294567204 2
1745220565907 0.009719222462203024 3
1745220578390 0.011214487456388105 4
1745220590827 0.010549925236750291 5
1745220603179 0.016447914936035885 6
1745220615584 0.015534141884033893 7
1745220628094 0.0196045854793155 8
1745220640717 0.02566871573351055 9
1745220653277 0.02284432630004984 10
1745220665658 0.024838012958963283 11
1745220678193 0.02716398072769563 12
1745220690726 0.029573018773882704 13
1745220703040 0.036384781525170294 14
1745220715347 0.03630171124771557 15
1745220727384 0.0379631167968101 16
1745220739704 0.03497258680843994 17
1745220752229 0.03696627346735338 18
1745220764567 0.03588635986044193 19
1745220776806 0.03854460873899319 20
1745220789260 0.036384781525170294 21
1745220801844 0.04768233925901313 22
1745220814220 0.04286426316663897 23
1745220827017 0.04037215484299717 24
1745220839503 0.04568865260009968 25
1745220852038 0.04577172287755441 26
1745220864555 0.04485794982555242 27
1745220877016 0.05266655590629673 28
1745220889321 0.05067286924738328 29
1745220901931 0.04859611231101512 30
1745220914461 0.045107160657916597 31
1745220926865 0.048346901478650936 32
1745220939080 0.05333111812593454 33
1745220951165 0.0500913773052002 34
1745220963628 0.05108822063465692 35
1745220975806 0.05108822063465692 36
1745220987893 0.05424489117793654 37
1745220999941 0.0550755939524838 38
1745221012081 0.05565708589466689 39
1745221024225 0.05848147532812759 40
1745221036320 0.05598936700448579 41
1745221049064 0.05964445921249377 42
1745221061429 0.05715235088885197 43
1745221073796 0.058979896992855954 44
1745221086229 0.06172121614886194 45
1745221098778 0.05814919421830869 46
1745221111096 0.05731849144376142 47
1745221123652 0.060309021432131585 48
1745221135865 0.0613058647615883 49
1745221148331 0.0631334108655923 50
1745221160646 0.05939524838012959 51
1745221173007 0.05839840505067287 52
1745221185423 0.060807443096859946 53
1745221197771 0.06205349725868085 54
1745221210354 0.06014288087722213 55
1745221222888 0.06089051337431467 56
1745221235312 0.06512709752450573 57
1745221247772 0.06587473002159827 58
1745221260329 0.06554244891177936 59
1745221272552 0.06271805947831866 60
1745221284736 0.06246884864595448 61
1745221297317 0.06820069779033062 62
1745221309794 0.06629008140887191 63
1745221322075 0.06554244891177936 64
1745221334260 0.07135736833361024 65
1745221346364 0.07044359528160823 66
1745221358630 0.06761920584814753 67
1745221370980 0.06604087057650773 68
1745221383101 0.066871573351055 69
1745221395299 0.07243728194052168 70
1745221408012 0.07002824389433461 71
1745221420363 0.07326798471506894 72
1745221432897 0.07293570360525004 73
1745221445433 0.07052666555906296 74
1745221457834 0.07301877388270477 75
1745221470451 0.07260342249543114 76
1745221483293 0.07443096859943513 77
1745221495743 0.07617544442598438 78
1745221508124 0.07160657916597442 79
1745221520516 0.07376640637979731 80
1745221533059 0.07376640637979731 81
1745221545763 0.07409868748961622 82
1745221558499 0.07692307692307693 83
1745221570902 0.07758763914271474 84
1745221583331 0.078418341917262 85
1745221595938 0.07825220136235254 86
1745221608284 0.07459710915434457 87
1745221621514 0.08481475328127595 88
1745221634070 0.07883369330453564 89
1745221646461 0.08282106662236252 90
1745221658915 0.08074430968599434 91
1745221671272 0.08207343412526998 92
1745221683840 0.08223957468017944 93
1745221696305 0.08248878551254361 94
1745221708631 0.08531317494600432 95
