1745220528847 4.665241003838243 0
1745220540885 4.654229034341249 1
1745220553403 4.640907559990131 2
1745220565908 4.630738240222362 3
1745220578391 4.617147816284808 4
1745220590828 4.604322254081492 5
1745220603179 4.585163540276924 6
1745220615585 4.563140787262534 7
1745220628095 4.544756922515414 8
1745220640717 4.522213049123346 9
1745220653278 4.506362967202522 10
1745220665658 4.494364565588336 11
1745220678194 4.47543580710462 12
1745220690730 4.45981601357911 13
1745220703040 4.432846229835036 14
1745220715348 4.408974244946339 15
1745220727384 4.396027467891217 16
1745220739704 4.386540296950627 17
1745220752230 4.371420532026527 18
1745220764568 4.36361409952381 19
1745220776806 4.356210521360865 20
1745220789261 4.34449387523696 21
1745220801845 4.324681771257536 22
1745220814221 4.315181359116297 23
1745220827018 4.302387141840655 24
1745220839504 4.28946329801711 25
1745220852038 4.280907296593222 26
1745220864556 4.2779173787374765 27
1745220877017 4.270074177058919 28
1745220889322 4.26332843323724 29
1745220901931 4.251381614820553 30
1745220914462 4.254390698112625 31
1745220926866 4.239261135327411 32
1745220939080 4.2257308523511625 33
1745220951166 4.228802019580666 34
1745220963629 4.216189372935381 35
1745220975807 4.208887770878462 36
1745220987894 4.204522023585826 37
1745220999942 4.1973649909787945 38
1745221012082 4.1853542780866135 39
1745221024225 4.178119538260288 40
1745221036320 4.172599591342979 41
1745221049064 4.165025839539023 42
1745221061430 4.159494749183863 43
1745221073797 4.153536477175115 44
1745221086230 4.14631210114085 45
1745221098779 4.143042673729908 46
1745221111097 4.140179100182939 47
1745221123653 4.127939076972839 48
1745221135865 4.119575166612075 49
1745221148332 4.111526209649643 50
1745221160646 4.111238176354644 51
1745221173007 4.113619092533998 52
1745221185424 4.102478147655438 53
1745221197772 4.099870818159369 54
1745221210354 4.0898641869519725 55
1745221222888 4.080922550992737 56
1745221235312 4.07915455551396 57
1745221247773 4.067411967815096 58
1745221260330 4.0638571184891115 59
1745221272553 4.055207328818435 60
1745221284736 4.0563292501853665 61
1745221297318 4.0452947201173615 62
1745221309795 4.043524647220036 63
1745221322076 4.042226566843447 64
1745221334261 4.03215861150125 65
1745221346365 4.024182657425822 66
1745221358631 4.0227479477698385 67
1745221370981 4.026626356963903 68
1745221383102 4.027410108785561 69
1745221395300 4.012633622118584 70
1745221408013 4.012263872734685 71
1745221420364 4.001878852351166 72
1745221432897 3.9940547814836216 73
1745221445434 3.999301079893974 74
1745221457835 3.9858013367442435 75
1745221470451 3.9804176717006943 76
1745221483294 3.9802229009590615 77
1745221495744 3.9743002830006686 78
1745221508124 3.969132963575802 79
1745221520517 3.965222838797856 80
1745221533060 3.9624119602666776 81
1745221545764 3.9605746100859864 82
1745221558500 3.952544438633512 83
1745221570903 3.9511051904558885 84
1745221583332 3.9489141148446536 85
1745221595938 3.9432650363059443 86
1745221608284 3.942755369941644 87
1745221621515 3.9201874651293536 88
1745221634070 3.9318181016756837 89
1745221646461 3.9200410137360913 90
1745221658916 3.9223821799060588 91
1745221671273 3.915422469991353 92
1745221683841 3.9097141195315683 93
1745221696306 3.9014931211655957 94
1745221708632 3.8928646747682114 95
