1745180529494 0.012460541618209005 0
1745180541577 0.014620368832031898 1
1745180553650 0.020684499086226948 2
1745180565600 0.026582488785512545 3
1745180577443 0.03389267320152849 4
1745180589443 0.04303040372154843 5
1745180601485 0.05216813424156837 6
1745180613579 0.057733842831035054 7
1745180625632 0.06587473002159827 8
1745180637940 0.07393254693470676 9
1745180650216 0.07567702276125603 10
1745180662302 0.0809104502409038 11
1745180674625 0.08390098022927396 12
1745180687006 0.09013125103837846 13
1745180699196 0.09727529489948497 14
1745180711580 0.10591460375477654 15
1745180723688 0.10815750124605417 16
1745180735532 0.1117295231766074 17
1745180747516 0.11397242066788503 18
1745180759728 0.11546768566207011 19
1745180771790 0.12294401063299551 20
1745180783949 0.12576840006645623 21
1745180796193 0.12917428144210003 22
1745180808270 0.131001827546104 23
1745180820713 0.1338262169795647 24
1745180832849 0.1363183253032065 25
1745180845274 0.13897657418175777 26
1745180857498 0.1393919255690314 27
1745180869633 0.14205017444758267 28
1745180881752 0.1481143047017777 29
1745180894004 0.15085562385778367 30
1745180906006 0.15085562385778367 31
1745180917924 0.15102176441269313 32
1745180929806 0.1530985213490613 33
1745180941696 0.15268316996178768 34
1745180953565 0.15642133244725037 35
1745180965566 0.157750456886526 36
1745180977482 0.16032563548762252 37
1745180989389 0.1621531815916265 38
1745181001334 0.16248546270144543 39
1745181013276 0.16589134407708922 40
1745181025212 0.16539292241236087 41
1745181037344 0.169297225452733 42
1745181049217 0.169297225452733 43
1745181061024 0.1705432796145539 44
1745181072913 0.17386609071274298 45
1745181084823 0.17087556072437282 46
1745181096753 0.1741983718225619 47
1745181108746 0.17477986376474497 48
1745181120579 0.17594284764911114 49
1745181132512 0.17785346403056987 50
1745181144640 0.17777039375311512 51
1745181156435 0.17727197208838677 52
1745181168256 0.18117627512875892 53
1745181180101 0.1857451403887689 54
1745181192097 0.18782189732513707 55
1745181203991 0.18981558398405052 56
1745181215981 0.18898488120950324 57
1745181227951 0.19463366007642466 58
1745181240023 0.19388602757933213 59
1745181252107 0.19687655756770228 60
1745181264087 0.1953812925735172 61
1745181276322 0.19712576840006646 62
1745181288491 0.196959627845157 63
1745181300584 0.197873400897159 64
1745181312684 0.2019438444924406 65
1745181324849 0.19995015783352715 66
1745181336972 0.20028243894334607 67
1745181349355 0.19970094700116298 68
1745181361604 0.2034391094866257 69
1745181373905 0.2019438444924406 70
1745181386122 0.2044359528160824 71
1745181398293 0.2050174447582655 72
1745181410422 0.20510051503572022 73
1745181422699 0.20742648280445256 74
1745181434849 0.2087556072437282 75
1745181447078 0.20892174779863765 76
1745181459261 0.21066622362518692 77
1745181471584 0.21290912111646454 78
1745181483750 0.2153181591626516 79
1745181495931 0.21714570526665558 80
1745181507900 0.21739491609901976 81
1745181519909 0.21382289416846653 82
1745181532002 0.21573351054992523 83
1745181543858 0.21706263498920086 84
1745181555770 0.21988702442266156 85
1745181567751 0.21706263498920086 86
1745181579655 0.2184748297059312 87
1745181592019 0.22163150024921083 88
1745181604309 0.221880711081575 89
1745181616587 0.2259511546768566 90
1745181628811 0.22703106828376807 91
1745181640894 0.22412360857285263 92
1745181653063 0.22603422495431136 93
1745181664873 0.22852633327795316 94
1745181676689 0.23076923076923078 95
1745181688621 0.2299385279946835 96
1745181700736 0.23218142548596113 97
1745181712982 0.23043694965941186 98
1745181725234 0.23168300382123277 99
1745181737336 0.23384283103505565 100
1745181749501 0.23201528493105167 101
1745181761538 0.2349227446419671 102
1745181773879 0.23575344741651438 103
1745181786076 0.23309519853796312 104
1745181798438 0.23267984715068948 105
1745181810540 0.23550423658415018 106
1745181822706 0.23550423658415018 107
1745181834869 0.23633493935869745 108
1745181846845 0.23550423658415018 109
1745181859105 0.23691643130088055 110
1745181870962 0.23816248546270144 111
1745181882821 0.2392423990696129 112
1745181895061 0.24073766406379798 113
1745181907191 0.2399069612892507 114
1745181919380 0.2427313507227114 115
1745181931567 0.2399069612892507 116
1745181943884 0.24106994517361688 117
1745181956205 0.23899318823724872 118
1745181968456 0.24322977238743979 119
1745181980725 0.2423159993354378 120
1745181992723 0.2433128426648945 121
1745182004845 0.24439275627180596 122
1745182016961 0.2473002159827214 123
1745182029230 0.24381126432962286 124
1745182041411 0.24472503738162485 125
1745182053698 0.24414354543944178 126
1745182065768 0.24779863764744975 127
1745182077899 0.2497923243063632 128
1745182090092 0.2473002159827214 129
1745182102497 0.25319820568200696 130
1745182114745 0.24937697291908956 131
1745182127056 0.249543113473999 132
1745182139333 0.2476324970925403 133
1745182151584 0.24754942681508557 134
1745182163503 0.24854627014454228 135
1745182175673 0.248629340421997 136
1745182187975 0.249543113473999 137
1745182200098 0.25319820568200696 138
1745182212253 0.2517029406878219 139
1745182224435 0.2508722379132746 140
1745182236653 0.25161987041036715 141
1745182248767 0.251370659578003 142
1745182260948 0.25220136235255025 143
1745182273151 0.2517029406878219 144
1745182285507 0.25461040039873734 145
1745182297531 0.25685329789001493 146
1745182309755 0.2526997840172786 147
1745182321763 0.2546934706761921 148
1745182333637 0.25245057318491443 149
1745182345517 0.2545273301212826 150
1745182357558 0.25560724372819404 151
1745182369576 0.2538627679016448 152
1745182381512 0.25652101678019607 153
1745182393661 0.2552749626183751 154
1745182405834 0.25743478983219803 155
1745182418081 0.2544442598438279 156
1745182430079 0.2570194384449244 157
1745182442090 0.25560724372819404 158
1745182454106 0.2579332114969264 159
1745182466399 0.25834856288420005 160
1745182478602 0.2590961953812926 161
1745182490871 0.25934540621365676 162
1745182503044 0.2572686492772886 163
1745182515359 0.25818242232929056 164
1745182527590 0.25818242232929056 165
1745182539916 0.2606745306529324 166
1745182552126 0.2606745306529324 167
1745182564380 0.2594284764911115 168
1745182576440 0.2588469845489284 169
1745182588719 0.2585977737165642 170
1745182600912 0.26000996843329455 171
1745182613003 0.2560225951154677 172
1745182625073 0.2573517195547433 173
1745182637335 0.2578501412194717 174
1745182649550 0.2591792656587473 175
1745182661774 0.25843163316165474 176
1745182673932 0.2608406712078418 177
1745182686230 0.26075760093038713 178
1745182698415 0.2628343578667553 179
1745182710395 0.25652101678019607 180
1745182722596 0.2625020767569364 181
1745182735095 0.2616713739823891 182
1745182747187 0.261089882040206 183
1745182759382 0.26158830370493436 184
1745182771580 0.26316663897657416 185
1745182783805 0.2620867253696627 186
1745182795945 0.2612560225951155 187
1745182807931 0.25776707094201695 188
1745182819750 0.2630835686991195 189
1745182831687 0.2590961953812926 190
1745182843627 0.2628343578667553 191
1745182855505 0.2594284764911115 192
1745182867548 0.2613390928725702 193
1745182879579 0.2605083900980229 194
1745182891633 0.26358199036384783 195
1745182903989 0.2614221631500249 196
1745182916475 0.2612560225951155 197
1745182928768 0.2610068117627513 198
1745182941154 0.2595115467685662 199
1745182953465 0.2575178601096528 200
