1745180529495 4.657017817162525 0
1745180541578 4.6255598114337575 1
1745180553651 4.5756942933224085 2
1745180565601 4.523646733298829 3
1745180577444 4.469084390425391 4
1745180589444 4.404289337956339 5
1745180601486 4.35026296065003 6
1745180613580 4.298423339058843 7
1745180625632 4.247364261161384 8
1745180637941 4.197067107809547 9
1745180650216 4.1548722992929505 10
1745180662302 4.112540624832195 11
1745180674626 4.072316899676442 12
1745180687007 4.03762033853575 13
1745180699196 3.9999549800280314 14
1745180711581 3.9594288230092647 15
1745180723689 3.924074422165645 16
1745180735533 3.9030559463328602 17
1745180747516 3.8784577976810475 18
1745180759728 3.846899601830911 19
1745180771791 3.8295104774220143 20
1745180783950 3.8082386130993986 21
1745180796194 3.78496530798615 22
1745180808270 3.7632136259724382 23
1745180820714 3.742196498271947 24
1745180832850 3.724170307944732 25
1745180845274 3.7089321390827847 26
1745180857498 3.6941150651352905 27
1745180869634 3.6745439562891753 28
1745180881752 3.646920017506606 29
1745180894005 3.6401721857936002 30
1745180906006 3.628525856364019 31
1745180917925 3.6131331658553756 32
1745180929807 3.5963161263259433 33
1745180941696 3.58777857137458 34
1745180953566 3.568786899248759 35
1745180965567 3.554015592373234 36
1745180977483 3.538197583363506 37
1745180989390 3.52629244733428 38
1745181001335 3.520593163344779 39
1745181013277 3.4972361992917778 40
1745181025212 3.4870208223710897 41
1745181037345 3.4720472172309793 42
1745181049218 3.46000821598441 43
1745181061025 3.4524743934547564 44
1745181072914 3.448701391755257 45
1745181084824 3.4355245794554428 46
1745181096754 3.418634026102681 47
1745181108746 3.417636905487168 48
1745181120579 3.3988077328855524 49
1745181132513 3.3881896158485363 50
1745181144640 3.3775320460486684 51
1745181156436 3.3773522243473697 52
1745181168257 3.3630823649343897 53
1745181180102 3.346313223787695 54
1745181192098 3.3396053233282963 55
1745181203992 3.3313378361204484 56
1745181215982 3.3186678152316857 57
1745181227952 3.306733019139497 58
1745181240023 3.2973326212120138 59
1745181252107 3.2831602103572877 60
1745181264087 3.2807762762386794 61
1745181276323 3.2695574886962215 62
1745181288492 3.2643454907420506 63
1745181300584 3.2527188486339367 64
1745181312685 3.2443951167394856 65
1745181324850 3.231700854448773 66
1745181336972 3.2240918204282303 67
1745181349356 3.2215056323163296 68
1745181361605 3.2067386741495874 69
1745181373906 3.208915548647287 70
1745181386122 3.1877516422666585 71
1745181398294 3.1813188908780607 72
1745181410423 3.174404070251075 73
1745181422700 3.168482111225914 74
1745181434850 3.163485663760956 75
1745181447078 3.1535407624960246 76
1745181459261 3.141019967184592 77
1745181471585 3.1324539486727527 78
1745181483751 3.1305919797443553 79
1745181495931 3.117802250655873 80
1745181507901 3.1140946304913375 81
1745181519910 3.108560088027571 82
1745181532002 3.1069926236947576 83
1745181543859 3.095491928205414 84
1745181555771 3.079259389360796 85
1745181567752 3.077734918141375 86
1745181579655 3.0708655621785987 87
1745181592019 3.057565809173111 88
1745181604310 3.0592224648791535 89
1745181616588 3.045527458992662 90
1745181628812 3.0328903514680468 91
1745181640894 3.030070601265287 92
1745181653064 3.031116047643122 93
1745181664874 3.0130091707412814 94
1745181676690 3.0037902942120702 95
1745181688622 3.0093070592084517 96
1745181700737 2.997575647468174 97
1745181712982 2.9936224641344937 98
1745181725235 2.9798377790637454 99
1745181737336 2.9733903400283643 100
1745181749501 2.9690331456640178 101
1745181761539 2.9549638675310472 102
1745181773880 2.959628780808154 103
1745181786076 2.950321653977619 104
1745181798439 2.948599732889253 105
1745181810541 2.9374289346773517 106
1745181822706 2.9389818405443604 107
1745181834870 2.9302513321040307 108
1745181846846 2.9176331647758276 109
1745181859105 2.9270221666159273 110
1745181870963 2.91318347169452 111
1745181882822 2.9037291885875463 112
1745181895062 2.901243628399269 113
1745181907192 2.8825327453366745 114
1745181919380 2.8762350544903446 115
1745181931568 2.876899786158839 116
1745181943885 2.8686625060538073 117
1745181956205 2.875653412222812 118
1745181968457 2.8573601599649603 119
1745181980726 2.8491382629443436 120
1745181992724 2.8491616437744822 121
1745182004845 2.8410990014703597 122
1745182016962 2.8288293561548583 123
1745182029231 2.830842725616285 124
1745182041412 2.8263404281162425 125
1745182053699 2.8192800674282137 126
1745182065769 2.8092847704235973 127
1745182077900 2.803867840000239 128
1745182090093 2.8080996496680406 129
1745182102497 2.788116210145377 130
1745182114746 2.7962324130480005 131
1745182127057 2.7805276170103626 132
1745182139334 2.77691858869082 133
1745182151585 2.780032391556174 134
1745182163504 2.7656678703463644 135
1745182175674 2.7658910512072343 136
1745182187976 2.7586109453311933 137
1745182200099 2.753230315339119 138
1745182212254 2.743871805571668 139
1745182224435 2.7405472034514076 140
1745182236653 2.7358938029154154 141
1745182248767 2.7338762084643045 142
1745182260949 2.7190255063479065 143
1745182273152 2.7209445973462847 144
1745182285508 2.7092407076435965 145
1745182297532 2.6981992697755848 146
1745182309756 2.7103121696574792 147
1745182321764 2.6987120474822985 148
1745182333638 2.70049454234838 149
1745182345517 2.6849019328001518 150
1745182357558 2.6890670334957085 151
1745182369577 2.6827072935627507 152
1745182381513 2.670327362567249 153
1745182393662 2.6689793404133795 154
1745182405835 2.665229817181387 155
1745182418082 2.6646781957364976 156
1745182430079 2.665968925850689 157
1745182442091 2.658101067065992 158
1745182454107 2.647065713030794 159
1745182466399 2.641157225356878 160
1745182478603 2.635147591081173 161
1745182490871 2.6267345187642985 162
1745182503045 2.628627466398811 163
1745182515359 2.6198395084763537 164
1745182527591 2.6180166145391253 165
1745182539916 2.6128944572203796 166
1745182552126 2.6037816157507367 167
1745182564380 2.6040296625720196 168
1745182576441 2.595270313876875 169
1745182588719 2.5899224617041274 170
1745182600913 2.5832307148801523 171
1745182613004 2.5899833188231325 172
1745182625074 2.5762100500838003 173
1745182637336 2.5773129545374545 174
1745182649551 2.573510369817566 175
1745182661775 2.574317826524208 176
1745182673933 2.5598001405440143 177
1745182686230 2.5567024347159784 178
1745182698415 2.548587779893049 179
1745182710395 2.548836795471455 180
1745182722596 2.537734604823885 181
1745182735096 2.539576392832199 182
1745182747188 2.5378269004240512 183
1745182759383 2.5294049125902287 184
1745182771580 2.5261222066599665 185
1745182783806 2.5132489056585214 186
1745182795945 2.511826923573503 187
1745182807932 2.5177258643446576 188
1745182819751 2.5026051863971603 189
1745182831688 2.505691194318833 190
1745182843628 2.496690632090342 191
1745182855506 2.490225658428273 192
1745182867548 2.4933406821741384 193
1745182879580 2.486718041348628 194
1745182891634 2.4747847857320946 195
1745182903989 2.4763148275429883 196
1745182916475 2.4787251301401048 197
1745182928769 2.465280657971592 198
1745182941155 2.4644299532345935 199
1745182953466 2.460989151320672 200
