1743797291966 0.00022115380291649073 0
1743797295253 0.0006206587496154826 1
1743797298409 0.0007160203663446448 2
1743797302207 0.0007143275872004728 3
1743797305285 0.0006105887664766324 4
1743797309403 0.0007789224522864511 5
1743797313246 0.0007721102889841348 6
1743797317037 0.0007529842602217907 7
1743797320480 0.0008346832572291743 8
1743797324019 0.0008290593908415028 9
1743797327675 0.0008415448134285208 10
1743797331032 0.0008165058928639533 11
1743797334478 0.0008172353955672422 12
1743797338871 0.0008280239469819645 13
1743797342483 0.0008159406765781115 14
1743797346314 0.0008382639830452676 15
1743797349632 0.0008280370988344929 16
1743797353613 0.0008374929302901252 17
1743797357905 0.0008536405076123334 18
1743797361324 0.0008965342514425488 19
1743797365181 0.0008933911091380509 20
1743797368654 0.0009012822081807826 21
