1743797291966 2.053795502263611 0
1743797295253 1.6973448371334492 1
1743797298410 1.4847531376040135 2
1743797302208 1.2878642346318316 3
1743797305285 1.4474998986751177 4
1743797309403 1.0224163419752033 5
1743797313247 1.0592112741714736 6
1743797317038 1.0643857457152426 7
1743797320480 0.876100099627252 8
1743797324020 0.7913973244918915 9
1743797327675 0.7659126918327914 10
1743797331033 0.8890753174127797 11
1743797334479 0.8178860082706351 12
1743797338872 0.7471811319725363 13
1743797342484 0.7534273946906556 14
1743797346314 0.6834888293878227 15
1743797349633 0.8049841921778665 16
1743797353613 0.6962784229735283 17
1743797357906 0.6848397947139 18
1743797361325 0.6275526534532639 19
1743797365182 0.5707868126606964 20
1743797368655 0.5969696190793095 21
