1745185777103 0.009386941352384118 0
1745185783919 0.021265991028410036 1
1745185790756 0.024754942681508556 2
1745185797488 0.03497258680843994 3
1745185804220 0.04643628509719223 4
1745185811001 0.049925236750290744 5
1745185817797 0.058315334773218146 6
1745185824513 0.06570858946668882 7
1745185831354 0.07052666555906296 8
1745185838235 0.07883369330453564 9
1745185844858 0.08489782355873068 10
1745185851499 0.08855291576673865 11
1745185858160 0.0905466024256521 12
1745185864651 0.09985047350058149 13
1745185871155 0.10333942515368001 14
1745185877606 0.11280943678351886 15
1745185883965 0.11496926399734175 16
1745185890395 0.11629838843661738 17
1745185896928 0.1235255025751786 18
1745185903325 0.12560225951154677 19
1745185909799 0.13058647615883037 20
1745185916349 0.13581990363847815 21
1745185922889 0.1306695464362851 22
1745185929288 0.1372320983552085 23
1745185935805 0.14205017444758267 24
1745185942237 0.14695132081741152 25
1745185948799 0.15235088885196876 26
1745185955173 0.14636982887522845 27
1745185961562 0.1542615052334275 28
1745185967865 0.1618209004818076 29
1745185974420 0.1636484465858116 30
1745185981056 0.16497757102508723 31
1745185987422 0.16406379797308523 32
1745185993810 0.1658082737996345 33
1745186000282 0.16572520352217976 34
1745186006764 0.17345073932546934 35
1745186013168 0.17793653430802459 36
1745186019633 0.1782688154178435 37
1745186025972 0.18101013457384948 38
1745186032521 0.17934872902475493 39
1745186039161 0.19023093537132413 40
1745186045912 0.1944675195215152 41
1745186052637 0.18890181093204853 42
1745186059197 0.19214155175278286 43
1745186065600 0.19828875228443263 44
1745186071958 0.19612892507060972 45
1745186078349 0.19172620036550922 46
1745186084706 0.19920252533643462 47
1745186091101 0.20269147698953313 48
1745186097421 0.20709420169463366 49
1745186103797 0.20576507725535803 50
1745186110313 0.20717727197208838 51
1745186116818 0.21108157501246055 52
1745186123164 0.21324140222628343 53
1745186129527 0.2115799966771889 54
1745186135956 0.21614886193719887 55
1745186142358 0.21980395414520684 56
1745186148953 0.2190563216481143 57
1745186155377 0.22470510051503573 58
1745186161821 0.22262834357866756 59
1745186168268 0.22644957634158497 60
1745186174666 0.22752948994849642 61
1745186181389 0.23259677687323477 62
1745186187976 0.23226449576341585 63
1745186194520 0.23633493935869745 64
1745186201102 0.23799634490779198 65
1745186207627 0.23899318823724872 66
1745186214209 0.2395746801794318 67
1745186220901 0.24298056155507558 68
1745186227311 0.23999003156670543 69
1745186233760 0.2448911779365343 70
1745186240290 0.24497424821398903 71
1745186246819 0.2461372320983552 72
1745186253412 0.2451403887688985 73
1745186259820 0.2488785512543612 74
1745186266196 0.2545273301212826 75
1745186272715 0.2505399568034557 76
1745186279047 0.2538627679016448 77
1745186285406 0.2545273301212826 78
1745186291739 0.2562718059478319 79
1745186298148 0.2602591792656587 80
1745186304565 0.26000996843329455 81
1745186310975 0.2575178601096528 82
1745186317509 0.26150523342747967 83
1745186323849 0.26241900647948163 84
1745186330244 0.2634989200863931 85
1745186336642 0.2636650606413025 86
1745186343027 0.2619205848147533 87
1745186349513 0.2706429639474996 88
1745186355927 0.2698122611729523 89
1745186362445 0.2722212992191394 90
1745186368781 0.2770393753115135 91
1745186375317 0.2734673533809603 92
1745186381990 0.27330121282605085 93
1745186388534 0.2757933211496926 94
1745186394924 0.27994683502242895 95
1745186401481 0.27554411031732845 96
1745186407994 0.2821897325137066 97
1745186414673 0.2806113972420668 98
1745186421277 0.2834357866755275 99
1745186427962 0.2826050839009802 100
1745186434552 0.2825220136235255 101
1745186441016 0.28709087888353546 102
1745186447431 0.28825386276790166 103
1745186454022 0.28177438112643294 104
1745186460582 0.2861771058315335 105
1745186466967 0.28609403555407875 106
1745186473361 0.2875062302708091 107
1745186480009 0.28609403555407875 108
1745186486272 0.2902475494268151 109
1745186492716 0.2945672038544609 110
1745186499060 0.2959793985711912 111
1745186505461 0.2987207177271972 112
1745186511890 0.299385279946835 113
1745186518275 0.30104668549592956 114
1745186524862 0.299385279946835 115
1745186531351 0.30387107492939025 116
1745186537916 0.3046187074264828 117
1745186544540 0.30403721548429974 118
1745186550981 0.3031234424322977 119
1745186557571 0.30445256687157335 120
1745186564084 0.3065293238079415 121
1745186570472 0.3065293238079415 122
1745186576914 0.3047017777039375 123
1745186583332 0.30345572354211664 124
1745186589855 0.30819072935703606 125
1745186596286 0.3036218640970261 126
1745186602603 0.3079415185246719 127
1745186608990 0.3081076590795813 128
1745186615401 0.30902143213158334 129
1745186621801 0.31226117295231764 130
1745186628206 0.3120950323974082 131
1745186634724 0.31342415683668384 132
1745186641071 0.31400564877886694 133
1745186647444 0.31217810267486296 134
1745186653769 0.31483635155341416 135
1745186660303 0.3139225785014122 136
1745186666741 0.3176607409868749 137
1745186673116 0.32056820069779035 138
1745186679460 0.31408871905632163 139
1745186685774 0.31641468682505397 140
1745186692179 0.31815916265160327 141
1745186698538 0.3194882870908789 142
1745186704924 0.31965442764578833 143
1745186711284 0.32156504402724706 144
1745186717714 0.3248878551254361 145
1745186724060 0.3227280279116132 146
1745186730410 0.32123276291742814 147
1745186736729 0.32314337929888687 148
1745186743081 0.32239574680179434 149
1745186749429 0.3260508390098023 150
1745186755837 0.3230603090214321 151
1745186762315 0.3258846984548928 152
1745186768696 0.33020435288253863 153
1745186775194 0.33037049343744807 154
1745186781526 0.3282937365010799 155
1745186787995 0.32995514205017445 156
1745186794591 0.32621697956471174 157
1745186801008 0.331616547599269 158
1745186807426 0.3292905798305366 159
1745186813864 0.3326133909287257 160
1745186820378 0.3314504070443595 161
1745186826836 0.3361023425818242 162
1745186833437 0.33676690480146204 163
1745186839867 0.3385113806280113 164
1745186846262 0.3362684831367337 165
1745186852721 0.3379298886858282 166
1745186859143 0.3375976075760093 167
1745186865616 0.33776374813091875 168
1745186871901 0.3402558564545606 169
1745186878324 0.34150191061638147 170
1745186884757 0.34033892673201527 171
1745186891082 0.33743146702109983 172
1745186897494 0.3384283103505566 173
1745186904129 0.3400066456221964 174
1745186910606 0.3394251536800133 175
1745186917018 0.34274796477820235 176
1745186923749 0.3464030569862103 177
1745186930725 0.3444924406047516 178
1745186937235 0.34357866755274963 179
1745186943487 0.3476491111480312 180
1745186949951 0.3428310350556571 181
1745186956403 0.34432630004984216 182
1745186962793 0.3481475328127596 183
1745186969200 0.3474829705931218 184
1745186975698 0.3444924406047516 185
1745186982291 0.349227446419671 186
1745186988827 0.3488120950323974 187
1745186995388 0.3509719222462203 188
1745187001884 0.3499750789167636 189
1745187008235 0.35171955474331285 190
1745187014694 0.35072271141385614 191
1745187021072 0.3515534141884034 192
1745187027563 0.3543778036218641 193
1745187034044 0.35396245223459044 194
1745187040409 0.35072271141385614 195
1745187046868 0.3499750789167636 196
1745187053417 0.357451403887689 197
1745187059900 0.35587306861604917 198
1745187066278 0.3552085063964114 199
1745187072769 0.3557899983385944 200
1745187079162 0.3575344741651437 201
1745187085593 0.35645456055823227 202
1745187092021 0.355623857783685 203
1745187098466 0.3566207011131417 204
1745187104892 0.35728526333277955 205
1745187111371 0.3597773716564213 206
1745187117926 0.35894666888187404 207
1745187124435 0.36010965276624024 208
1745187130932 0.36293404219970093 209
1745187137388 0.36467851802625023 210
1745187144027 0.3633493935869746 211
1745187150495 0.3617710583153348 212
1745187156866 0.3586143877720552 213
1745187163352 0.35853131749460043 214
1745187169869 0.3603588635986044 215
1745187176481 0.36384781525170296 216
1745187182925 0.3593620202691477 217
1745187189459 0.3606080744309686 218
1745187195904 0.3631832530320651 219
1745187202324 0.36409702608406713 220
1745187208944 0.36708755607243726 221
1745187215566 0.36891510217644125 222
1745187222161 0.368084399401894 223
1745187228681 0.3664229938527995 224
1745187234958 0.36866589134407707 225
1745187241303 0.3665891344077089 226
1745187247688 0.3652600099684333 227
1745187254109 0.3664229938527995 228
1745187260498 0.36633992357534473 229
1745187267008 0.36866589134407707 230
1745187273428 0.36633992357534473 231
1745187279680 0.37190563216481143 232
1745187286225 0.3705765077255358 233
1745187292722 0.3719887024422662 234
1745187299165 0.37389931882372485 235
1745187305617 0.37124106994517364 236
1745187312003 0.36949659411862434 237
1745187318349 0.3730686160491776 238
1745187324959 0.37406545937863434 239
1745187331691 0.37365010799136067 240
1745187338259 0.3763914271473667 241
1745187344971 0.3724040538295398 242
1745187351522 0.3733178268815418 243
1745187358236 0.3758099352051836 244
1745187364820 0.3795480976906463 245
1745187371365 0.3785512543611896 246
1745187377806 0.37630835686991193 247
1745187384140 0.3773882704768234 248
1745187390540 0.37572686492772883 249
1745187396980 0.3743146702109985 250
1745187403435 0.3739823891011796 251
1745187410149 0.37730520019936864 252
1745187416683 0.37630835686991193 253
1745187423372 0.37821897325137066 254
1745187429831 0.3808772221299219 255
1745187436334 0.3783020435288254 256
1745187442780 0.37730520019936864 257
1745187449214 0.3807941518524672 258
1745187455625 0.3797142382455557 259
1745187462145 0.382372487124107 260
1745187468711 0.3802957301877388 261
1745187475019 0.3769729190895498 262
1745187481331 0.378717394916099 263
1745187487758 0.3807941518524672 264
1745187494354 0.38245555740156173 265
1745187500756 0.38204020601428806 266
1745187507359 0.38245555740156173 267
1745187513782 0.38278783851138065 268
1745187520409 0.3833693304535637 269
1745187526790 0.38436617378302046 270
1745187533318 0.38228941684665224 271
1745187539807 0.38204020601428806 272
1745187546241 0.38278783851138065 273
1745187552840 0.382372487124107 274
1745187559279 0.3848645954477488 275
1745187565710 0.38287090878883534 276
1745187572533 0.3842831035055657 277
1745187579104 0.3886027579332115 278
1745187585380 0.3907625851470344 279
1745187592033 0.38602757933211496 280
1745187598836 0.3857783684997508 281
1745187605803 0.38976574181757767 282
1745187612313 0.3895165309852135 283
1745187618851 0.3910948662568533 284
1745187625187 0.39242399069612893 285
1745187631639 0.3935039043030404 286
1745187638122 0.3881043362684831 287
1745187644927 0.3858614387772055 288
1745187651595 0.3886027579332115 289
1745187658131 0.3915102176441269 290
1745187664683 0.39225785014121944 291
1745187671291 0.3899318823724871 292
1745187677696 0.3891842498753946 293
1745187684069 0.3899318823724871 294
1745187690760 0.390264163482306 295
1745187697236 0.39317162319322146 296
1745187703607 0.3908456554244891 297
1745187710240 0.3950822395746802 298
1745187716948 0.39217477986376476 299
1745187723591 0.3964944342914105 300
1745187730312 0.39441767735504235 301
1745187736883 0.393919255690314 302
1745187743471 0.3949160990197707 303
1745187749834 0.39591294234922747 304
1745187756273 0.3973251370659578 305
1745187762692 0.39225785014121944 306
1745187769344 0.39798969928559563 307
1745187776076 0.3964113640139558 308
1745187782652 0.3970759262335936 309
1745187789304 0.39533145040704437 310
1745187795897 0.39624522345904634 311
1745187802554 0.39682671540122944 312
1745187809230 0.39715899651104836 313
1745187815823 0.3973251370659578 314
1745187822768 0.39433460707758766 315
1745187829472 0.3954975909619538 316
1745187836053 0.39940189400232595 317
1745187842696 0.4001495264994185 318
1745187849622 0.3960790829041369 319
1745187856539 0.4004818076092374 320
1745187863139 0.40089715899651107 321
1745187869710 0.4014786509386941 322
1745187876447 0.4016447914936036 323
1745187883111 0.40122944010632994 324
1745187889707 0.4030569862103339 325
1745187896311 0.40214321315833196 326
1745187902863 0.40280777537796975 327
1745187909468 0.4030569862103339 328
1745187916101 0.40463532148197373 329
1745187922807 0.4041368998172454 330
1745187929617 0.4013955806612394 331
1745187936333 0.4014786509386941 332
1745187942933 0.40272470510051506 333
1745187949699 0.40239242399069614 334
1745187956302 0.403638478152517 335
1745187962990 0.4044691809270643 336
1745187969607 0.4050506728692474 337
1745187976265 0.4056321648114305 338
1745187982958 0.40438611064960955 339
1745187989683 0.40372154842997177 340
1745187996267 0.4042199700947001 341
1745188002743 0.4052998837016116 342
1745188009279 0.41094866256853296 343
1745188016158 0.40438611064960955 344
1745188022960 0.40795813258016284 345
1745188029766 0.40737664063797974 346
1745188036431 0.4056321648114305 347
1745188043162 0.40737664063797974 348
1745188049971 0.40895497590961954 349
1745188056456 0.40779199202525335 350
1745188063187 0.4052998837016116 351
1745188070172 0.40621365675361354 352
1745188076910 0.4080412028576175 353
1745188083505 0.40795813258016284 354
1745188090132 0.4080412028576175 355
1745188096708 0.40430304037215486 356
1745188103238 0.4088719056321648 357
1745188109658 0.410034889516531 358
1745188116287 0.4062967270310683 359
1745188122769 0.41111480312344245 360
1745188129363 0.40654593786343246 361
1745188136040 0.40754278119288917 362
1745188142707 0.4108655922910783 363
1745188149386 0.41153015451071606 364
1745188156017 0.4097026084067121 365
1745188162674 0.4110317328459877 366
1745188169271 0.411862435620535 367
1745188175871 0.4120285761754444 368
1745188182511 0.4141053331118126 369
1745188189160 0.4141884033892673 370
1745188195678 0.41194550589798967 371
1745188202241 0.4151021764412693 372
1745188208723 0.4162651603256355 373
1745188215359 0.4146868250539957 374
1745188221917 0.4141884033892673 375
1745188228612 0.41294234922744644 376
1745188235127 0.41609901977072605 377
1745188241687 0.41576673866090713 378
1745188248349 0.4166805117129091 379
1745188254929 0.4162651603256355 380
1745188261565 0.4202525336434624 381
1745188268124 0.4171789333776375 382
1745188274754 0.4164313008805449 383
1745188281294 0.4169297225452733 384
1745188287947 0.4152683169961788 385
1745188294550 0.420667885030736 386
1745188301267 0.4180096361521847 387
1745188307728 0.4196710417012793 388
1745188314352 0.4187572686492773 389
1745188320853 0.4156005981059977 390
1745188327479 0.4200863930885529 391
1745188334084 0.4198371822561887 392
1745188340790 0.4184249875394584 393
1745188347379 0.4219970094700116 394
1745188354053 0.4231599933543778 395
1745188360680 0.4204186741983718 396
1745188367241 0.421581658082738 397
1745188373918 0.4174281442100017 398
1745188380408 0.4210001661405549 399
1745188387080 0.419754111978734 400
1745188393556 0.42249543113474 401
1745188400212 0.421581658082738 402
1745188406745 0.4210001661405549 403
1745188413337 0.42299385279946833 404
1745188419820 0.418840338926732 405
1745188426442 0.4238245555740156 406
1745188433167 0.4222462203023758 407
1745188439795 0.42365841501910617 408
1745188446286 0.42232929057983054 409
1745188452880 0.41992025253364346 410
1745188459501 0.42191393919255693 411
1745188466089 0.42208007974746636 412
1745188472774 0.4247383286260176 413
1745188479376 0.42673201528493104 414
1745188485924 0.4216647283601927 415
1745188492425 0.42448911779365345 416
1745188499026 0.4239906961289251 417
1745188505762 0.4225785014121947 418
1745188512406 0.4212493769729191 419
1745188518976 0.4241568366838345 420
1745188525714 0.42731350722711414 421
1745188532334 0.42548596112311016 422
1745188538845 0.4235753447416514 423
1745188545534 0.42606745306529326 424
1745188551992 0.4254028908456554 425
1745188558398 0.4272304369496594 426
1745188564915 0.42847649111148034 427
1745188571490 0.42457218807110814 428
1745188578314 0.42764578833693306 429
1745188584937 0.4248213989034723 430
1745188591515 0.4282272802791161 431
1745188598162 0.4332114969263997 432
1745188604779 0.42947333444093705 433
1745188611458 0.4263997341751121 434
1745188618020 0.4290579830536634 435
1745188624545 0.42831035055657085 436
1745188631135 0.4275627180594783 437
1745188637720 0.43047017777039376 438
1745188644444 0.43088552915766737 439
1745188650926 0.4299717561056654 440
1745188657469 0.4289749127762087 441
1745188664047 0.4309685994351221 442
1745188670625 0.4291410533311181 443
1745188677458 0.4256521016780196 444
1745188683980 0.4305532480478485 445
1745188690707 0.43047017777039376 446
1745188697322 0.4313839508223957 447
1745188703812 0.4286426316663898 448
1745188710510 0.4302209669380296 449
1745188717182 0.4316331616547599 450
1745188723760 0.4303040372154843 451
1745188730160 0.43429141053331116 452
1745188736848 0.4298056155507559 453
1745188743521 0.43204851304203357 454
1745188749862 0.43171623193221464 455
1745188756268 0.43271307526167135 456
1745188762680 0.434042199700947 457
1745188769237 0.43503904303040375 458
1745188775649 0.4337929888685828 459
1745188782088 0.43229772387439774 460
1745188788442 0.4343744808107659 461
1745188795010 0.4325469347067619 462
1745188801581 0.4339591294234923 463
1745188808152 0.4353713241402226 464
1745188814676 0.43454062136567534 465
1745188821208 0.43487290247549426 466
1745188827768 0.4337099185911281 467
1745188834278 0.4356205349725868 468
1745188840873 0.4327961455391261 469
1745188847497 0.43487290247549426 470
1745188854226 0.43670044857949825 471
1745188860925 0.43761422163150027 472
1745188867553 0.4352051835853132 473
1745188874086 0.4359528160824057 474
1745188880725 0.43603588635986046 475
1745188887229 0.43570360525004154 476
1745188893928 0.43545439441767736 477
1745188900621 0.4347898321980395 478
1745188907134 0.4363681674696793 479
1745188913764 0.436783518856953 480
1745188920538 0.4337099185911281 481
1745188927093 0.43611895663731515 482
1745188933669 0.4356205349725868 483
1745188940251 0.4397740488453231 484
1745188946864 0.438611064960957 485
1745188953281 0.4391925569031401 486
1745188959771 0.4362020269147699 487
1745188966459 0.44010632995514204 488
1745188973095 0.4387772055158664 489
1745188979723 0.4439275627180595 490
1745188986424 0.44168466522678185 491
1745188992894 0.441933876059146 492
1745188999563 0.4383618541285928 493
1745189006159 0.4403555407875062 494
1745189012814 0.4423492274464197 495
1745189019563 0.4403555407875062 496
1745189026187 0.44201694633660077 497
1745189032863 0.4443429141053331 498
1745189039389 0.44085396245223457 499
1745189045923 0.4399401894002326 500
1745189052614 0.4371988702442266 501
1745189059203 0.44284764911114805 502
1745189065801 0.4416015949493271 503
1745189072366 0.44342914105333114 504
1745189079091 0.44027247051005153 505
1745189085744 0.44185080578169134 506
1745189092351 0.4430137896660575 507
1745189098981 0.44342914105333114 508
1745189105412 0.4441767735504237 509
1745189111922 0.4421000166140555 510
1745189118615 0.4421830868915102 511
1745189125195 0.4431799302209669 512
1745189131632 0.44500747632497095 513
1745189138208 0.4421000166140555 514
1745189144637 0.44567203854460874 515
1745189151020 0.44201694633660077 516
1745189157477 0.4433460707758764 517
1745189163942 0.4427645788336933 518
1745189170432 0.4449244060475162 519
1745189176925 0.44384449244060475 520
1745189183332 0.44442598438278785 521
1745189189762 0.44791493603588634 522
1745189196146 0.44509054660242564 523
1745189202557 0.44284764911114805 524
1745189208913 0.4453397574347898 525
1745189215332 0.445588968267154 526
1745189221761 0.4449244060475162 527
1745189228102 0.44841335770061475 528
1745189234558 0.44600431965442766 529
1745189240959 0.44500747632497095 530
1745189247721 0.4471673035387938 531
1745189254167 0.44924406047516197 532
1745189260649 0.4451736168798804 533
1745189267393 0.4463366007642465 534
1745189274179 0.44882870908788836 535
1745189280733 0.446502741319156 536
1745189287246 0.4487456388104336 537
1745189293707 0.44841335770061475 538
1745189300084 0.4480810765907958 539
1745189306541 0.4487456388104336 540
1745189313066 0.44409370327296893 541
1745189319648 0.4480810765907958 542
1745189326289 0.44941020103007145 543
1745189332638 0.45024090380461873 544
1745189339042 0.44833028742316 545
1745189345449 0.45181923907625854 546
1745189351834 0.450157833527164 547
1745189358219 0.4514038876889849 548
1745189364570 0.447416514371158 549
1745189370995 0.4514869579664396 550
1745189377487 0.4489117793653431 551
1745189383904 0.4514038876889849 552
1745189390509 0.45007476324970924 553
1745189396991 0.4529822229606247 554
1745189403620 0.4521515201860774 555
1745189410172 0.45564047183917594 556
1745189416756 0.4524007310184416 557
1745189423670 0.4536467851802625 558
1745189430734 0.4497424821398903 559
1745189437300 0.4505731849144376 560
1745189443871 0.4491609901977073 561
1745189450586 0.44982555241734506 562
1745189457211 0.4505731849144376 563
1745189463807 0.4536467851802625 564
1745189470154 0.4507393254693471 565
1745189476677 0.44999169297225455 566
1745189483048 0.45107160657916595 567
1745189489437 0.4539790662900814 568
1745189496087 0.45256687157335107 569
1745189502477 0.45181923907625854 570
1745189508821 0.45181923907625854 571
1745189515269 0.45464362850971923 572
1745189521699 0.4519023093537132 573
1745189528179 0.45422827712244557 574
1745189534661 0.45165309852134905 575
1745189541440 0.45098853630171126 576
1745189548465 0.4524838012958963 577
1745189555207 0.4514038876889849 578
1745189561788 0.4514038876889849 579
1745189568405 0.4558066123940854 580
1745189575061 0.45522512045190233 581
1745189581661 0.45289915268316994 582
1745189588279 0.45447748795480974 583
1745189594698 0.4543113473999003 584
1745189601220 0.4557235421166307 585
1745189607658 0.4527330121282605 586
1745189614184 0.4541452068449909 587
1745189620780 0.4533145040704436 588
1745189627292 0.45406213656753613 589
1745189633683 0.45289915268316994 590
1745189640167 0.4545605582322645 591
1745189646608 0.4558066123940854 592
1745189652938 0.455308190729357 593
1745189659431 0.4527330121282605 594
1745189666221 0.4537298554577172 595
1745189673016 0.4524838012958963 596
1745189679482 0.4557235421166307 597
1745189686202 0.45763415849808936 598
1745189693054 0.4547266987871739 599
1745189699940 0.4561388935039043 600
1745189706498 0.4541452068449909 601
1745189713183 0.4561388935039043 602
1745189720061 0.4555574015617212 603
1745189726723 0.4545605582322645 604
1745189733179 0.4573018773882705 605
1745189739675 0.45597275294899486 606
1745189746057 0.45655424489117796 607
1745189752460 0.45622196378135904 608
1745189759057 0.45755108822063467 609
1745189765587 0.45680345572354214 610
1745189771939 0.45630503405881373 611
1745189778413 0.45721880711081575 612
1745189785026 0.4573849476657252 613
1745189791351 0.459877055989367 614
1745189797811 0.45663731516863265 615
1745189804464 0.4558896826715401 616
1745189811013 0.45813258016281777 617
1745189817390 0.46178767237082574 618
1745189823843 0.4604585479315501 619
1745189830526 0.4614553912610068 620
1745189837108 0.4591294234922745 621
1745189843454 0.4573018773882705 622
1745189849773 0.4551420501744476 623
1745189856291 0.45788336933045354 624
1745189862655 0.4595447748795481 625
1745189869049 0.4604585479315501 626
1745189875511 0.45946170460209335 627
1745189881880 0.457135736833361 628
1745189888213 0.4574680179431799 629
1745189894669 0.45937863432463866 630
1745189901095 0.45597275294899486 631
1745189907581 0.45838179099518195 632
1745189913926 0.45663731516863265 633
1745189920287 0.4595447748795481 634
1745189926783 0.4604585479315501 635
1745189933249 0.4597109154344576 636
1745189939969 0.46162153181591625 637
1745189946894 0.4613723209835521 638
1745189953704 0.460790829041369 639
1745189960493 0.46037547765409537 640
1745189967008 0.46261837514537296 641
1745189973457 0.4608738993188237 642
1745189979903 0.4592955640471839 643
1745189986451 0.4595447748795481 644
1745189992929 0.46187074264828043 645
1745189999292 0.45838179099518195 646
1745190005781 0.4597109154344576 647
1745190012450 0.4595447748795481 648
1745190018993 0.46104003987373315 649
1745190025677 0.4604585479315501 650
1745190032227 0.46153846153846156 651
1745190038721 0.4605416182090048 652
1745190045174 0.46037547765409537 653
1745190051772 0.46104003987373315 654
1745190058132 0.4622860940355541 655
1745190064682 0.4641136401395581 656
1745190071192 0.46095696959627847 657
1745190077586 0.46278451570028245 658
1745190084166 0.46319986708755606 659
1745190090589 0.46461206180428644 660
1745190097200 0.4629506562551919 661
1745190103767 0.4619538129257352 662
1745190110386 0.46286758597773714 663
1745190116831 0.46436285097192226 664
1745190123418 0.46278451570028245 665
1745190129951 0.46062468848645954 666
1745190136407 0.4611231101511879 667
1745190142929 0.46278451570028245 668
1745190149661 0.4632829373650108 669
1745190156223 0.46378135902973916 670
1745190162577 0.46303372653264663 671
1745190169259 0.4632829373650108 672
1745190175857 0.4645289915268317 673
1745190182265 0.46494434291410536 674
1745190188686 0.46278451570028245 675
1745190195014 0.4641136401395581 676
1745190201495 0.46336600764246555 677
1745190207968 0.4642797806944675 678
1745190214489 0.4655258348562884 679
1745190220950 0.4639474995846486 680
1745190227383 0.46519355374646953 681
1745190233930 0.46535969430137897 682
1745190240405 0.4652766240239242 683
1745190246703 0.46378135902973916 684
1745190253158 0.46660574846319985 685
1745190259438 0.4641136401395581 686
1745190265976 0.46560890513374315 687
1745190272344 0.4629506562551919 688
1745190278853 0.4641136401395581 689
1745190285520 0.4657750456886526 690
1745190292211 0.463532148197375 691
1745190298832 0.46718724040538295 692
1745190305387 0.4672703106828377 693
1745190311894 0.468101013457385 694
1745190318447 0.46560890513374315 695
1745190324778 0.4636982887522844 696
1745190331387 0.4657750456886526 697
1745190337854 0.4669380295730188 698
1745190344397 0.46560890513374315 699
1745190350919 0.4657750456886526 700
1745190357438 0.4672703106828377 701
1745190363822 0.46436285097192226 702
1745190370228 0.46403056986210334 703
1745190376594 0.46602425652101676 704
1745190382898 0.46535969430137897 705
1745190389406 0.46619039707592624 706
1745190395844 0.4689317162319322 707
1745190402164 0.4670210998504735 708
1745190408687 0.46776873234756605 709
1745190415243 0.4657750456886526 710
1745190422046 0.46652267818574517 711
1745190428776 0.4671041701279282 712
1745190435479 0.46652267818574517 713
1745190442132 0.4663565376308357 714
1745190448817 0.4670210998504735 715
1745190455529 0.4679348729024755 716
1745190462091 0.46419671041701277 717
1745190468742 0.46801794317993023 718
1745190475487 0.46760259179265656 719
1745190482082 0.46835022428974915 720
1745190488847 0.46718724040538295 721
1745190495460 0.4679348729024755 722
1745190502013 0.4670210998504735 723
1745190508598 0.4695132081741153 724
1745190515222 0.47034391094866257 725
1745190521893 0.4708423326133909 726
1745190528498 0.4685163648446586 727
1745190534961 0.4654427645788337 728
1745190541506 0.46801794317993023 729
1745190548056 0.4670210998504735 730
1745190554415 0.46918092706429637 731
1745190560914 0.4692639973417511 732
1745190567517 0.47092540289084567 733
1745190574166 0.47092540289084567 734
1745190580793 0.468101013457385 735
1745190587236 0.4702608406712078 736
1745190593530 0.4692639973417511 737
1745190600038 0.47017777039375314 738
1745190606426 0.47242066788503073 739
1745190612957 0.471423824555574 740
1745190619399 0.46859943512211333 741
1745190625912 0.47092540289084567 742
1745190632305 0.4696793487290248 743
1745190638675 0.4729190895497591 744
1745190645093 0.46992855956138896 745
1745190651711 0.4675195215152019 746
1745190658294 0.4698454892839342 747
1745190664688 0.4698454892839342 748
1745190671145 0.47175610566539294 749
1745190677506 0.4712576840006646 750
1745190683980 0.4710915434457551 751
1745190690528 0.47183917594284763 752
1745190697033 0.47333444093703275 753
1745190703388 0.47242066788503073 754
1745190709926 0.4719222462203024 755
1745190716325 0.471423824555574 756
1745190722794 0.4696793487290248 757
1745190729186 0.4706761920584815 758
1745190735713 0.47175610566539294 759
1745190742166 0.47258680843994016 760
1745190748544 0.470510051503572 761
1745190754895 0.47258680843994016 762
1745190761392 0.4738328626017611 763
1745190767754 0.47416514371158 764
1745190774172 0.47474663565376307 765
1745190780604 0.47341751121448744 766
1745190787139 0.4720053164977571 767
1745190793654 0.4735005814919422 768
1745190800256 0.4736667220468516 769
1745190806893 0.4742482139890347 770
1745190813218 0.4729190895497591 771
1745190819643 0.47416514371158 772
1745190826167 0.47217145705266655 773
1745190832604 0.4725037381624855 774
1745190839129 0.47242066788503073 775
1745190845594 0.4748297059312178 776
1745190852111 0.4738328626017611 777
1745190858575 0.4756604087057651 778
1745190865357 0.475078916763582 779
1745190871997 0.4754111978734009 780
1745190878390 0.47557733842831035 781
1745190884714 0.4726698787173949 782
1745190891025 0.47599268981558396 783
1745190897494 0.47516198704103674 784
1745190903920 0.47458049509885364 785
1745190910435 0.4754942681508556 786
1745190916753 0.47757102508722377 787
1745190923469 0.47840172786177104 788
1745190930466 0.47615883037049345 789
1745190937405 0.4763249709254029 790
1745190944398 0.4758265492606745 791
1745190951414 0.47682339259013123 792
1745190958102 0.47740488453231433 793
1745190964919 0.47873400897158996 794
1745190971489 0.47856786841668053 795
1745190977829 0.476906462867586 796
1745190984343 0.4779033061970427 797
1745190990827 0.47682339259013123 798
1745190997243 0.47615883037049345 799
1745191003735 0.4766572520352218 800
