1745185777103 4.617623772627168 0
1745185783920 4.581863089537811 1
1745185790757 4.527784420893743 2
1745185797488 4.471845296612804 3
1745185804220 4.416642782166005 4
1745185811002 4.362166069144209 5
1745185817798 4.311028644336076 6
1745185824514 4.261447134464917 7
1745185831354 4.2150039228384815 8
1745185838236 4.167510161233479 9
1745185844859 4.122082626133118 10
1745185851500 4.081934072781932 11
1745185858160 4.045872090292758 12
1745185864652 4.007544060673419 13
1745185871156 3.9673820743043664 14
1745185877607 3.928326703110078 15
1745185883965 3.8987256162754873 16
1745185890396 3.8765258040434176 17
1745185896928 3.8444039337571905 18
1745185903326 3.8131554163820156 19
1745185909800 3.79739758325956 20
1745185916350 3.763149313938723 21
1745185922889 3.747098690173665 22
1745185929289 3.718267783040307 23
1745185935806 3.693378265287857 24
1745185942237 3.664601595575141 25
1745185948799 3.6430588055178115 26
1745185955174 3.632489962555772 27
1745185961563 3.608713033971991 28
1745185967866 3.586046993657289 29
1745185974421 3.5674234311487454 30
1745185981056 3.5479440613422337 31
1745185987422 3.534005892331884 32
1745185993810 3.5205381377097087 33
1745186000283 3.506393645329854 34
1745186006765 3.479834039404694 35
1745186013169 3.47147135237978 36
1745186019634 3.4526030809852246 37
1745186025973 3.4378435439851014 38
1745186032522 3.4216631282122507 39
1745186039162 3.3962395389874778 40
1745186045912 3.38099706177954 41
1745186052638 3.378687567748959 42
1745186059197 3.363174147368379 43
1745186065600 3.347257281863023 44
1745186071959 3.3361761132525314 45
1745186078349 3.3324632109489296 46
1745186084707 3.3128641190875623 47
1745186091102 3.2948096520813537 48
1745186097422 3.2786439429215393 49
1745186103798 3.2727857399958933 50
1745186110314 3.2560981724531826 51
1745186116819 3.250058384891717 52
1745186123165 3.2359930150345524 53
1745186129527 3.2291789700023865 54
1745186135957 3.212941606538844 55
1745186142359 3.1977128945964384 56
1745186148954 3.1874698043470877 57
1745186155377 3.176981445168587 58
1745186161822 3.172555457097535 59
1745186168269 3.1507933707034805 60
1745186174666 3.144036486074673 61
1745186181390 3.1319937113955922 62
1745186187976 3.1258175397630796 63
1745186194520 3.109423521137278 64
1745186201103 3.0940118029168695 65
1745186207628 3.0844940250538238 66
1745186214209 3.075370036588591 67
1745186220902 3.073555789609174 68
1745186227311 3.064368448371695 69
1745186233760 3.0445912559025423 70
1745186240291 3.0387597899318695 71
1745186246820 3.0266965675524373 72
1745186253413 3.0217883715162563 73
1745186259821 3.0142059984102927 74
1745186266197 3.0006291967021563 75
1745186272716 2.998137308925879 76
1745186279047 2.981606391233875 77
1745186285407 2.9764257144306625 78
1745186291740 2.963165339625849 79
1745186298148 2.9577751013850806 80
1745186304566 2.94891151674358 81
1745186310976 2.9440996215693236 82
1745186317510 2.9349556997975865 83
1745186323850 2.9261700891556486 84
1745186330245 2.917550037091597 85
1745186336643 2.9080232700012774 86
1745186343028 2.900735511881005 87
1745186349513 2.886368672954981 88
1745186355928 2.885604383114658 89
1745186362445 2.8721152595633868 90
1745186368782 2.8669972019117385 91
1745186375318 2.857693638807588 92
1745186381991 2.851307572412511 93
1745186388534 2.8384758985408367 94
1745186394925 2.8275622058034995 95
1745186401482 2.8338038813371327 96
1745186407994 2.8147373776718467 97
1745186414674 2.8140369017317597 98
1745186421277 2.7998787339568487 99
1745186427962 2.798175647510306 100
1745186434552 2.786852302747697 101
1745186441016 2.7804652014265745 102
1745186447431 2.7751817482015877 103
1745186454023 2.7795862276897854 104
1745186460583 2.7680229070357987 105
1745186466967 2.759766491434563 106
1745186473361 2.7580588569456714 107
1745186480010 2.752482676390792 108
1745186486272 2.740080701848848 109
1745186492716 2.7279154532794543 110
1745186499061 2.718019794420617 111
1745186505461 2.7104101725715006 112
1745186511891 2.7035042297043383 113
1745186518276 2.6959456252219947 114
1745186524863 2.6903859299488957 115
1745186531352 2.6838539652385447 116
1745186537917 2.673209189191091 117
1745186544540 2.672692681922287 118
1745186550981 2.665149805925633 119
1745186557571 2.6556276091260536 120
1745186564085 2.6532662787473518 121
1745186570473 2.647615369226112 122
1745186576915 2.6387123965124664 123
1745186583333 2.639789785969002 124
1745186589855 2.6318579605268098 125
1745186596287 2.6299627443330036 126
1745186602603 2.617057028727253 127
1745186608991 2.6222189557858004 128
1745186615402 2.6171844101042345 129
1745186621802 2.60187973651429 130
1745186628207 2.5958262976601927 131
1745186634724 2.590562446596443 132
1745186641071 2.586578234422603 133
1745186647445 2.578388741345604 134
1745186653769 2.569490800664524 135
1745186660303 2.5664717324043633 136
1745186666742 2.563576157827646 137
1745186673117 2.5547466489786657 138
1745186679461 2.552159485144493 139
1745186685775 2.5483390729233917 140
1745186692179 2.5362237138926558 141
1745186698539 2.5289676576765108 142
1745186704925 2.5278273383425582 143
1745186711285 2.5296461358071376 144
1745186717715 2.5179496362786575 145
1745186724061 2.51206241943296 146
1745186730411 2.51106913005068 147
1745186736730 2.5046627985649423 148
1745186743082 2.5037165481586223 149
1745186749429 2.4920916784932103 150
1745186755837 2.495516072957142 151
1745186762316 2.495802073881575 152
1745186768697 2.479332691295751 153
1745186775195 2.476897400848101 154
1745186781527 2.4766223916064396 155
1745186787996 2.4679923747306414 156
1745186794592 2.473304641928278 157
1745186801009 2.466953187754997 158
1745186807427 2.4524937477769244 159
1745186813865 2.4508931817327944 160
1745186820379 2.441532392707779 161
1745186826837 2.4381250652659587 162
1745186833437 2.4338707484308038 163
1745186839868 2.430975317341182 164
1745186846263 2.432835427413923 165
1745186852722 2.4226349249212817 166
1745186859143 2.417386229296801 167
1745186865616 2.4110784606930586 168
1745186871901 2.403662592285368 169
1745186878325 2.4000104926197707 170
1745186884758 2.396008571452481 171
1745186891083 2.3996989474220403 172
1745186897495 2.3969829302968573 173
1745186904129 2.385577747868409 174
1745186910606 2.3904978330644453 175
1745186917019 2.383519064195019 176
1745186923750 2.375706140323064 177
1745186930725 2.3739148486231794 178
1745186937235 2.362443124097954 179
1745186943487 2.3562774542451357 180
1745186949952 2.361022971053743 181
1745186956404 2.3562916690258984 182
1745186962793 2.3451633018798916 183
1745186969200 2.339840427849061 184
1745186975699 2.3437917110623308 185
1745186982291 2.336538412920213 186
1745186988827 2.3376502346947396 187
1745186995388 2.333236532809605 188
1745187001884 2.33101702615863 189
1745187008236 2.3239214767198093 190
1745187014694 2.3177836368368574 191
1745187021072 2.3126472374905855 192
1745187027564 2.308253900174986 193
1745187034045 2.301187927254913 194
1745187040410 2.3081084716189753 195
1745187046869 2.3071980031912647 196
1745187053418 2.2908332972353174 197
1745187059900 2.289262379353264 198
1745187066279 2.281158317408175 199
1745187072770 2.2838267490687416 200
1745187079163 2.2730425910921648 201
1745187085594 2.2772809661902915 202
1745187092022 2.2716582745827263 203
1745187098467 2.2722231431160718 204
1745187104892 2.2701594721824994 205
1745187111372 2.26412684608528 206
1745187117926 2.2526519347535006 207
1745187124435 2.25003658829491 208
1745187130932 2.243572544417696 209
1745187137389 2.240679951012761 210
1745187144028 2.238917912766431 211
1745187150496 2.2418463175639527 212
1745187156867 2.2433326023749416 213
1745187163353 2.242376915631348 214
1745187169870 2.237879111642545 215
1745187176482 2.2271217095997216 216
1745187182926 2.231356185103425 217
1745187189460 2.232807991571314 218
1745187195905 2.217585667009462 219
1745187202325 2.2149723275412327 220
1745187208945 2.2054337719600206 221
1745187215566 2.2004928927102876 222
1745187222162 2.196131225404443 223
1745187228682 2.1942471936000603 224
1745187234959 2.195190766344756 225
1745187241303 2.1885153350708815 226
1745187247688 2.1915207026810544 227
1745187254109 2.1883856518559717 228
1745187260498 2.1876620981323964 229
1745187267008 2.1814149101650377 230
1745187273428 2.1848695745935154 231
1745187279680 2.1660695897525675 232
1745187286225 2.1661382116856522 233
1745187292722 2.1614237579667 234
1745187299166 2.162691572086808 235
1745187305617 2.163040712582258 236
1745187312004 2.166716372267746 237
1745187318350 2.150424891118995 238
1745187324959 2.151496964161914 239
1745187331692 2.150275903584427 240
1745187338260 2.1393468091722396 241
1745187344972 2.1435068917154214 242
1745187351523 2.143251442681245 243
1745187358236 2.132399910134696 244
1745187364821 2.122685648291088 245
1745187371366 2.1275359499399378 246
1745187377807 2.1295976771206955 247
1745187384141 2.12340460874895 248
1745187390541 2.1235476561883457 249
1745187396980 2.122156020346285 250
1745187403435 2.1267443161431157 251
1745187410150 2.1117680075665692 252
1745187416684 2.111518233450785 253
1745187423373 2.1058252046167376 254
1745187429832 2.1003033417069945 255
1745187436334 2.1072770388951167 256
1745187442780 2.099426508457183 257
1745187449215 2.0892624325514744 258
1745187455626 2.0897895983534234 259
1745187462146 2.0852063197381057 260
1745187468711 2.084327652749769 261
1745187475020 2.090022906022144 262
1745187481331 2.0828663257740283 263
1745187487759 2.0753025211622456 264
1745187494354 2.0682517398350777 265
1745187500757 2.070509797262013 266
1745187507360 2.0694932229268845 267
1745187513782 2.0649771988266603 268
1745187520409 2.05566812046389 269
1745187526791 2.0502789693752623 270
1745187533319 2.0593181763528623 271
1745187539808 2.046955845814735 272
1745187546241 2.0524052831306334 273
1745187552840 2.0505200845446594 274
1745187559279 2.038627733398556 275
1745187565710 2.0408363825273192 276
1745187572534 2.042750099831241 277
1745187579105 2.0289433303877504 278
1745187585381 2.02344753343601 279
1745187592034 2.0332512080468965 280
1745187598836 2.0304746967358667 281
1745187605804 2.0187342285095218 282
1745187612313 2.020780520724268 283
1745187618851 2.0108515663575908 284
1745187625188 2.0063051753068684 285
1745187631640 2.0033015140706927 286
1745187638122 2.0043797321482937 287
1745187644928 2.0075732472439984 288
1745187651596 2.0016457480936305 289
1745187658131 1.9963061684517862 290
1745187664684 1.9912642069088906 291
1745187671291 1.993884665662123 292
1745187677697 1.992691138847729 293
1745187684070 1.988222706456954 294
1745187690761 1.9859794190873012 295
1745187697237 1.986073860298089 296
1745187703608 1.9792554715617758 297
1745187710241 1.9736818055011185 298
1745187716948 1.975302916168916 299
1745187723592 1.966336484157573 300
1745187730313 1.9673541110445842 301
1745187736884 1.964471339553081 302
1745187743472 1.9627022891171892 303
1745187749834 1.9610061204611329 304
1745187756273 1.9591559658485482 305
1745187762693 1.9595876840444713 306
1745187769344 1.9500338860159914 307
1745187776077 1.9469145082811088 308
1745187782652 1.9454088658783404 309
1745187789305 1.9462440947290727 310
1745187795897 1.9459431400415326 311
1745187802555 1.9353920618755671 312
1745187809231 1.933759205591383 313
1745187815824 1.9331841234363594 314
1745187822769 1.9363616509327823 315
1745187829473 1.932748455104832 316
1745187836053 1.9231385097327278 317
1745187842696 1.9190279744336864 318
1745187849623 1.923112747284884 319
1745187856540 1.9155479029365927 320
1745187863140 1.9199069506070252 321
1745187869710 1.9128662755993946 322
1745187876448 1.9089931244732903 323
1745187883112 1.9043272225583185 324
1745187889708 1.8960175943154154 325
1745187896312 1.903708049871682 326
1745187902863 1.8970503283930005 327
1745187909468 1.8919857664549737 328
1745187916101 1.8899270418300103 329
1745187922808 1.8912973027925324 330
1745187929618 1.8974870970240156 331
1745187936334 1.8869835441417682 332
1745187942933 1.8886608718046876 333
1745187949699 1.8849505792337087 334
1745187956302 1.8801731199226543 335
1745187962991 1.8782389138164817 336
1745187969607 1.8718994671229106 337
1745187976265 1.8730382581576923 338
1745187982958 1.8716519317954166 339
1745187989683 1.8702518183701977 340
1745187996268 1.8629500296197052 341
1745188002743 1.8598301811233795 342
1745188009279 1.8549220212157809 343
1745188016158 1.863613035797622 344
1745188022961 1.8542672717155353 345
1745188029767 1.8542125598692303 346
1745188036431 1.8530116080047705 347
1745188043163 1.8440352092211665 348
1745188049971 1.8383020303263389 349
1745188056457 1.8356186474770144 350
1745188063188 1.845908172162404 351
1745188070173 1.8429596128083918 352
1745188076910 1.8404984218814184 353
1745188083505 1.8307573163694773 354
1745188090133 1.8234490722217396 355
1745188096709 1.8337375459963157 356
1745188103238 1.8257170131022111 357
1745188109659 1.8262632997434847 358
1745188116287 1.8215554280847799 359
1745188122770 1.8137272245658953 360
1745188129364 1.8196091001063348 361
1745188136040 1.8111318235652394 362
1745188142707 1.809862126004751 363
1745188149387 1.8050086682473676 364
1745188156017 1.7972395848067881 365
1745188162675 1.802462586501207 366
1745188169271 1.802700291089823 367
1745188175871 1.7939643383577322 368
1745188182512 1.7888310956711928 369
1745188189161 1.7900313204855116 370
1745188195678 1.788338846985459 371
1745188202241 1.7772893916225172 372
1745188208723 1.7801026164696165 373
1745188215360 1.7807242811765926 374
1745188221918 1.7758025015324994 375
1745188228612 1.7810302156204936 376
1745188235127 1.7689605023228054 377
1745188241688 1.7671843291130724 378
1745188248349 1.764856343004522 379
1745188254929 1.7599738463916013 380
1745188261566 1.7562516264150803 381
1745188268124 1.7623514372255682 382
1745188274755 1.7583906034703713 383
1745188281295 1.759293053194273 384
1745188287948 1.7612150417889 385
1745188294550 1.748279445571727 386
1745188301267 1.7487751010612762 387
1745188307729 1.7352483220814956 388
1745188314353 1.739677325899534 389
1745188320854 1.738378212926968 390
1745188327480 1.7332679781845108 391
1745188334085 1.7315754668772245 392
1745188340791 1.735593317542421 393
1745188347380 1.7247372845727238 394
1745188354053 1.7228031598967932 395
1745188360680 1.7275096030483832 396
1745188367242 1.7225936129908443 397
1745188373919 1.726768274193754 398
1745188380409 1.7243129804279433 399
1745188387081 1.7139403443719319 400
1745188393556 1.7139955665720465 401
1745188400212 1.7106130120695615 402
1745188406745 1.709484885775176 403
1745188413337 1.7083620817383682 404
1745188419821 1.7109624198369742 405
1745188426443 1.6921498157513046 406
1745188433168 1.692231397977167 407
1745188439796 1.6951695408056693 408
1745188446287 1.6874198904335374 409
1745188452880 1.69875480990016 410
1745188459502 1.6920624759303466 411
1745188466089 1.6899010421361378 412
1745188472775 1.6810073631621048 413
1745188479377 1.6750289031240608 414
1745188485924 1.6801183532082569 415
1745188492426 1.6708862871000525 416
1745188499026 1.676187603870276 417
1745188505763 1.6721563121823013 418
1745188512407 1.6755476208570474 419
1745188518977 1.665179056247376 420
1745188525714 1.6684563344938759 421
1745188532334 1.6624303248723848 422
1745188538846 1.6595144827214796 423
1745188545534 1.660184974305742 424
1745188551993 1.6624154814367487 425
1745188558399 1.6538165919842867 426
1745188564916 1.6483814742552376 427
1745188571491 1.6498794120185614 428
1745188578315 1.6483032075534 429
1745188584938 1.6488084429988545 430
1745188591516 1.6398134627365775 431
1745188598163 1.6248924473207405 432
1745188604779 1.627331333821338 433
1745188611459 1.63303731960652 434
1745188618020 1.6308534472347709 435
1745188624546 1.6295272391406916 436
1745188631136 1.6247277950234602 437
1745188637720 1.6244147303363463 438
1745188644445 1.6192057344243524 439
1745188650926 1.6168527820246616 440
1745188657470 1.622482277083392 441
1745188664047 1.614361779292174 442
1745188670625 1.6150838413587785 443
1745188677459 1.6235012052226037 444
1745188683980 1.6136569148035247 445
1745188690707 1.6131081194242993 446
1745188697323 1.608463573112564 447
1745188703813 1.613618860447943 448
1745188710510 1.6124855491382428 449
1745188717183 1.596615132061861 450
1745188723760 1.5998531358270347 451
1745188730161 1.5940709450838444 452
1745188736848 1.593914117524733 453
1745188743522 1.592324368317446 454
1745188749863 1.588969008759848 455
1745188756269 1.5813584407308414 456
1745188762680 1.5813899161329334 457
1745188769238 1.5790577010040576 458
1745188775650 1.58126709586422 459
1745188782089 1.5768311752516113 460
1745188788442 1.5768467755647655 461
1745188795011 1.5762633659343301 462
1745188801582 1.5725457258224989 463
1745188808153 1.5664539560769575 464
1745188814677 1.5697788932040089 465
1745188821208 1.5576392536643875 466
1745188827768 1.5605580856997758 467
1745188834279 1.556621610012787 468
1745188840874 1.5703124066469498 469
1745188847498 1.5596081670459803 470
1745188854226 1.5513440050425875 471
1745188860926 1.544529442876239 472
1745188867554 1.549695743522683 473
1745188874087 1.5421535768000054 474
1745188880726 1.5430462118543562 475
1745188887229 1.540022568752932 476
1745188893929 1.5393792810736708 477
1745188900622 1.5451452882882926 478
1745188907134 1.5438428307034329 479
1745188913765 1.52902442112897 480
1745188920539 1.5394832364128086 481
1745188927094 1.5327608209164416 482
1745188933670 1.529082640723653 483
1745188940251 1.5263609486268368 484
1745188946865 1.5237563548092083 485
1745188953281 1.5211355411966292 486
1745188959771 1.523979387024888 487
1745188966460 1.5174389386775866 488
1745188973096 1.5193504088594665 489
1745188979723 1.513536783665757 490
1745188986425 1.514676216819072 491
1745188992895 1.5063421930107763 492
1745188999564 1.5114285095417483 493
1745189006160 1.4999514526494564 494
1745189012815 1.497923389136691 495
1745189019563 1.4957976446507757 496
1745189026187 1.4923604208946277 497
1745189032864 1.4871245061085347 498
1745189039390 1.4908394427479141 499
1745189045924 1.490938251436433 500
1745189052614 1.4920662197027201 501
1745189059204 1.4823479128296058 502
1745189065802 1.4861623034908422 503
1745189072367 1.4749379967749996 504
1745189079091 1.4800000648135996 505
1745189085744 1.480261784884648 506
1745189092351 1.4712969339779567 507
1745189098982 1.4691592973193837 508
1745189105412 1.469711804472007 509
1745189111923 1.4735682296616384 510
1745189118616 1.4732512202193728 511
1745189125196 1.4590199446261005 512
1745189131633 1.460182395410192 513
1745189138208 1.466939876854307 514
1745189144638 1.4583541508630926 515
1745189151021 1.4614921115360724 516
1745189157478 1.4517956276327535 517
1745189163943 1.4626003724122407 518
1745189170433 1.4584777529134927 519
1745189176926 1.45073797908612 520
1745189183333 1.4424695538896355 521
1745189189763 1.4347684845224982 522
1745189196146 1.4383061606094034 523
1745189202558 1.447440705426153 524
1745189208913 1.439638681216506 525
1745189215333 1.4251898725952807 526
1745189221762 1.429027967999003 527
1745189228102 1.4267300194667236 528
1745189234559 1.4289617611955774 529
1745189240959 1.4315704129144593 530
1745189247721 1.4208404048118535 531
1745189254167 1.4153705568261485 532
1745189260649 1.421700115910269 533
1745189267394 1.4196700627699075 534
1745189274180 1.4113389027311602 535
1745189280733 1.4115517834195974 536
1745189287246 1.407345674683024 537
1745189293708 1.4091780266641143 538
1745189300085 1.4065866005529046 539
1745189306542 1.4016497122509832 540
1745189313067 1.4154959530461957 541
1745189319649 1.4071952468735573 542
1745189326290 1.395259578128593 543
1745189332638 1.3985744113663932 544
1745189339043 1.3952325170843252 545
1745189345450 1.3880251399286407 546
1745189351834 1.3878125349022903 547
1745189358220 1.385270592489191 548
1745189364571 1.3913634892892892 549
1745189370996 1.3802459458638485 550
1745189377488 1.3857259036532317 551
1745189383905 1.3826028707399245 552
1745189390510 1.3842287270110312 553
1745189396992 1.3741615615963636 554
1745189403621 1.3722589716672295 555
1745189410173 1.3650962232403416 556
1745189416756 1.372026178307797 557
1745189423670 1.3618921304811396 558
1745189430735 1.36572543369585 559
1745189437301 1.3726911007083353 560
1745189443872 1.3643378396982428 561
1745189450586 1.3686096446260578 562
1745189457212 1.3643713688220283 563
1745189463807 1.3605136009244019 564
1745189470155 1.3620780651458 565
1745189476678 1.361722011656233 566
1745189483048 1.3487589553972537 567
1745189489437 1.3432364144486608 568
1745189496087 1.3432112815028456 569
1745189502477 1.3462154707891343 570
1745189508822 1.3489412841437594 571
1745189515270 1.3430165994259402 572
1745189521700 1.3436637418301554 573
1745189528179 1.340601577111506 574
1745189534662 1.3361945804388595 575
1745189541441 1.3380003999033963 576
1745189548466 1.3297730171007738 577
1745189555207 1.3334347663737736 578
1745189561789 1.328575193643971 579
1745189568406 1.3210957007699526 580
1745189575062 1.3204710140398392 581
1745189581662 1.321660566378186 582
1745189588280 1.3203516744246324 583
1745189594699 1.3210840869417784 584
1745189601221 1.308768636224061 585
1745189607659 1.3138606017858678 586
1745189614184 1.3161244751472918 587
1745189620781 1.3118877573680257 588
1745189627292 1.3172027229066403 589
1745189633683 1.312691611595242 590
1745189640168 1.3082951625692414 591
1745189646608 1.2964684052009976 592
1745189652938 1.297370556973707 593
1745189659432 1.3071046512215365 594
1745189666221 1.3002818079180656 595
1745189673017 1.3016012533841488 596
1745189679483 1.2925224848445498 597
1745189686202 1.2839513017947481 598
1745189693055 1.2931375778246923 599
1745189699941 1.2889769669213482 600
1745189706498 1.2846565031677095 601
1745189713184 1.2840802782818443 602
1745189720061 1.2865649807435617 603
1745189726723 1.291438879049804 604
1745189733179 1.2893964916815297 605
1745189739676 1.2882196550805962 606
1745189746057 1.2831515041393309 607
1745189752461 1.2779519447337284 608
1745189759058 1.2738666212724106 609
1745189765587 1.2747150434305583 610
1745189771939 1.271921826953232 611
1745189778414 1.2720369818209725 612
1745189785026 1.2681828739576453 613
1745189791352 1.2695674747353896 614
1745189797812 1.2623213671426554 615
1745189804465 1.2671896089988002 616
1745189811013 1.261482652250134 617
1745189817391 1.2544073150933617 618
1745189823844 1.2532177607584847 619
1745189830527 1.246925394589057 620
1745189837109 1.247689763250823 621
1745189843455 1.2407447540190677 622
1745189849774 1.2514274058133026 623
1745189856291 1.2475689818010756 624
1745189862656 1.2417662260555178 625
1745189869050 1.2469559418379683 626
1745189875512 1.244553972759095 627
1745189881881 1.2435954873531918 628
1745189888214 1.2419038566268632 629
1745189894670 1.2380534782441988 630
1745189901096 1.237424778477604 631
1745189907581 1.2347913574883045 632
1745189913927 1.2343112290744873 633
1745189920287 1.2347666546076022 634
1745189926784 1.2348700507178734 635
1745189933249 1.2324787700386697 636
1745189939969 1.2218481624524802 637
1745189946895 1.2210152335605886 638
1745189953704 1.2156907986472163 639
1745189960494 1.219909810751188 640
1745189967008 1.2078271186031706 641
1745189973457 1.2132034156112899 642
1745189979904 1.2130842480656603 643
1745189986451 1.2083622829337965 644
1745189992930 1.208882737441279 645
1745189999293 1.2109334245637315 646
1745190005781 1.2035595160157753 647
1745190012450 1.2039169508019583 648
1745190018994 1.1972373087975396 649
1745190025678 1.1978816193093542 650
1745190032228 1.1929437830596348 651
1745190038721 1.191218943576657 652
1745190045174 1.19607959181609 653
1745190051773 1.20004869953656 654
1745190058133 1.1814353387613366 655
1745190064683 1.1854620355628853 656
1745190071193 1.1839092836259995 657
1745190077587 1.1782608767967482 658
1745190084167 1.17863737123448 659
1745190090590 1.1690296734620187 660
1745190097201 1.1800156494774028 661
1745190103768 1.171146316229107 662
1745190110387 1.1745999598293908 663
1745190116832 1.1762978649170095 664
1745190123419 1.1706659560972223 665
1745190129951 1.168701559522852 666
1745190136407 1.1693874802777076 667
1745190142929 1.1637037769147909 668
1745190149662 1.1618406747433758 669
1745190156223 1.158619422611975 670
1745190162578 1.1636607970364357 671
1745190169260 1.1569513427504676 672
1745190175858 1.1511310830010792 673
1745190182266 1.1516572902587443 674
1745190188686 1.1457213375728363 675
1745190195014 1.14411341248784 676
1745190201495 1.149341050444618 677
1745190207968 1.1439511256512471 678
1745190214489 1.1427525542848698 679
1745190220950 1.1404618232418204 680
1745190227383 1.1446058958230172 681
1745190233931 1.1467980752648577 682
1745190240406 1.1299396270597153 683
1745190246704 1.1373314802112475 684
1745190253158 1.1358131555595308 685
1745190259439 1.1315531616904446 686
1745190265977 1.1333028847784643 687
1745190272344 1.1383984287564195 688
1745190278854 1.1365581216253795 689
1745190285520 1.1309201369463722 690
1745190292212 1.1299931202764995 691
1745190298833 1.1187127053819068 692
1745190305388 1.11771748356518 693
1745190311895 1.119766298156919 694
1745190318448 1.126185062832695 695
1745190324779 1.1231589037885856 696
1745190331388 1.117680991975142 697
1745190337855 1.1098178941764316 698
1745190344398 1.1159681096976797 699
1745190350919 1.1077328552799273 700
1745190357439 1.1031820197965905 701
1745190363823 1.108172045505444 702
1745190370229 1.103842611563599 703
1745190376594 1.1056008764729373 704
1745190382899 1.1075882882556278 705
1745190389406 1.098503960325481 706
1745190395845 1.0957431854283224 707
1745190402165 1.0953066855897644 708
1745190408688 1.0939292434271004 709
1745190415244 1.0914666749358477 710
1745190422047 1.0902925473600689 711
1745190428777 1.0902441043740263 712
1745190435479 1.0953271315785806 713
1745190442132 1.0891585340515912 714
1745190448818 1.0880992060050387 715
1745190455530 1.0859600305385002 716
1745190462092 1.0840913211287144 717
1745190468743 1.0770849827763136 718
1745190475488 1.0764569970393516 719
1745190482082 1.063202118354655 720
1745190488848 1.0724165176752738 721
1745190495461 1.0708520445297776 722
1745190502013 1.0693532910014762 723
1745190508598 1.068648818958615 724
1745190515222 1.0608296722421104 725
1745190521893 1.0628563757812015 726
1745190528499 1.0668755364747182 727
1745190534961 1.0691596364415321 728
1745190541507 1.063496549105246 729
1745190548057 1.0612609454529682 730
1745190554415 1.0559835865836826 731
1745190560914 1.0529080967584443 732
1745190567518 1.051760182797771 733
1745190574166 1.0531966241093031 734
1745190580794 1.0553525039740612 735
1745190587236 1.0450195053474098 736
1745190593530 1.0422484345973704 737
1745190600039 1.0502390019445296 738
1745190606426 1.0419111273487534 739
1745190612957 1.0357708829075738 740
1745190619400 1.0395000729069408 741
1745190625913 1.0297583123530445 742
1745190632306 1.0365683975057562 743
1745190638675 1.0339205403424276 744
1745190645094 1.0390540078186836 745
1745190651711 1.0436047948340987 746
1745190658295 1.035666298603513 747
1745190664689 1.0287659806905987 748
1745190671146 1.0338851652566552 749
1745190677507 1.0281684793416017 750
1745190683981 1.01864211295096 751
1745190690529 1.0259064836423655 752
1745190697034 1.0107998447175623 753
1745190703389 1.0172825296459929 754
1745190709927 1.0157588527292427 755
1745190716325 1.0247734759633984 756
1745190722795 1.0186641722676408 757
1745190729187 1.0137187905637794 758
1745190735714 1.0111807893386981 759
1745190742167 1.0095849768605087 760
1745190748544 1.0169760255701292 761
1745190754895 1.0090679779598672 762
1745190761393 1.0074773733654836 763
1745190767755 0.997847155717559 764
1745190774173 1.0020258464921343 765
1745190780604 0.9982154799508618 766
1745190787140 1.0003114756715052 767
1745190793655 0.9973224758923355 768
1745190800257 0.9969766825334196 769
1745190806894 0.9967520447340631 770
1745190813219 0.9912439030354365 771
1745190819643 0.9873954000717993 772
1745190826168 0.9898218693859177 773
1745190832605 0.9905995579155341 774
1745190839130 0.9902444383408991 775
1745190845594 0.9844722093896061 776
1745190852112 0.9746650143966122 777
1745190858576 0.9785788672012772 778
1745190865358 0.9793765606392314 779
1745190871997 0.9739541561859917 780
1745190878391 0.9725106870665514 781
1745190884715 0.9790818225287024 782
1745190891026 0.9660371471025729 783
1745190897494 0.9667223614326178 784
1745190903921 0.9687293541553881 785
1745190910435 0.9614208542560582 786
1745190916753 0.9604792589327213 787
1745190923469 0.9564125206847622 788
1745190930467 0.9587842788525355 789
1745190937406 0.9555498915471954 790
1745190944399 0.9513007188619073 791
1745190951414 0.9565878266037237 792
1745190958103 0.9508664345446255 793
1745190964920 0.9485004430048766 794
1745190971489 0.9510292999873884 795
1745190977829 0.9501846054550879 796
1745190984344 0.9514936394887706 797
1745190990828 0.9418919088014375 798
1745190997244 0.947464883080071 799
1745191003736 0.9447660827590368 800
