1742781231080 0.1866681898669104 0
1742781234451 0.511738161878106 1
1742781237479 0.5877648940423831 2
1742781241144 0.57725481236077 3
1742781244301 0.517735762837722 4
1742781248423 0.6411721025875364 5
1742781252223 0.6306049008967841 6
1742781255858 0.6183240989318558 7
1742781259126 0.6974353115896499 8
1742781262504 0.6942365910778546 9
1742781266312 0.7155423544867767 10
1742781269660 0.6929799508767921 11
1742781273043 0.6824127491860399 12
1742781277472 0.6992060318729652 13
1742781281235 0.6979493916719026 14
1742781285201 0.7103444336551094 15
1742781288556 0.697778031644485 16
1742781292427 0.7094305135088822 17
1742781296440 0.7213114754098361 18
1742781299950 0.7606671617067459 19
1742781303822 0.763523162163706 20
1742781307351 0.764379962300794 21
1742781311985 0.7815159650425544 22
1742781315549 0.7203404352544697 23
1742781319908 0.7783172445307591 24
1742781324073 0.7698634831781573 25
1742781328342 0.8008225281316045 26
1742781332501 0.7741474838635974 27
1742781336781 0.7734049237447878 28
1742781340718 0.8012223681955789 29
1742781344697 0.7736334037813446 30
1742781348750 0.7996801279488205 31
1742781353304 0.7744330839092934 32
1742781356849 0.7853430056548809 33
1742781360975 0.796424287427886 34
1742781365321 0.7945964471354315 35
1742781369072 0.7830010852801736 36
1742781373523 0.8365225338436054 37
1742781377441 0.8358942137430742 38
1742781381293 0.8261266921802708 39
1742781385669 0.8159593305534929 40
1742781389674 0.8082481293197007 41
1742781393295 0.796709887473582 42
1742781396876 0.8317815730850517 43
1742781400846 0.8147026903524305 44
1742781404913 0.8067058890729423 45
1742781408980 0.8369223739075798 46
1742781412699 0.8324098931855829 47
1742781417346 0.8472610955617753 48
1742781421340 0.8275546924087508 49
1742781425617 0.84120637459302 50
