1742781231080 2.053795502263611 0
1742781234452 1.6973448371334492 1
1742781237480 1.4847531376040135 2
1742781241145 1.2878642346318316 3
1742781244302 1.4474998986751177 4
1742781248424 1.0224163419752033 5
1742781252224 1.0592112741714736 6
1742781255858 1.0643857457152426 7
1742781259127 0.876100099627252 8
1742781262505 0.7913973244918915 9
1742781266313 0.7659126918327914 10
1742781269661 0.8890753174127797 11
1742781273044 0.8178860082706351 12
1742781277472 0.7471811319725363 13
1742781281236 0.7534273946906556 14
1742781285202 0.6834888293878227 15
1742781288557 0.8049841921778665 16
1742781292428 0.6962784229735283 17
1742781296440 0.6848397947139 18
1742781299951 0.6275526534532639 19
1742781303825 0.5707868126606964 20
1742781307351 0.5969696190793095 21
1742781311986 0.5546124290831833 22
1742781315550 0.7909750087405976 23
1742781319908 0.5536686373197333 24
1742781324073 0.5740025690620576 25
1742781328343 0.5040346007726882 26
1742781332502 0.5488918693276621 27
1742781336781 0.5507857647741642 28
1742781340718 0.48775217066581333 29
1742781344698 0.5583307519962912 30
1742781348750 0.49300586393753293 31
1742781353305 0.5515043511004943 32
1742781356849 0.521287758386902 33
1742781360976 0.5201762502592334 34
1742781365322 0.5208012686725251 35
1742781369073 0.5461704541536218 36
1742781373524 0.42184995163083133 37
1742781377442 0.4127143384448673 38
1742781381294 0.43180893322852193 39
1742781385670 0.450411123641574 40
1742781389675 0.47232173168326275 41
1742781393296 0.5609217911052183 42
1742781396877 0.41490609706533627 43
1742781400846 0.4536811857266555 44
1742781404914 0.46938677166965415 45
1742781408980 0.40720115644899757 46
1742781412700 0.41636629795948454 47
1742781417346 0.38348975283284065 48
1742781421340 0.42485443929280853 49
1742781425618 0.4017603096700661 50
