1743806365207 0.0540654402471563 0
1743806377695 0.0540654402471563 1
1743806390294 0.054556944249403175 2
1743806402562 0.05511866310911389 3
1743806414829 0.054767588821794694 4
1743806427392 0.055399522538969244 5
1743806439693 0.056101671113607636 6
1743806452330 0.056522960258390674 7
1743806464804 0.0579974722651313 8
1743806477237 0.05926133969948041 9
1743806489787 0.06010391798904648 10
1743806502566 0.06396573514955764 11
1743806514954 0.0676169077376773 12
1743806527312 0.07070636146608622 13
1743806539695 0.07449796376913355 14
1743806551821 0.0797640780789215 15
1743806564149 0.08622384496559472 16
1743806576554 0.09233253756494875 17
1743806589003 0.10005617188597107 18
1743806601569 0.10792023592192108 19
1743806613982 0.11529279595562421 20
1743806626700 0.12435051256845948 21
1743806639405 0.13396994804100548 22
1743806651584 0.14246594579413005 23
1743806664403 0.1539811824181997 24
1743806676561 0.16353040303328184 25
1743806689009 0.17441370594017694 26
1743806701405 0.18438421570004213 27
1743806713870 0.19203763516360062 28
1743806726321 0.19751439404578008 29
1743806738720 0.20320179750035108 30
1743806751414 0.20902963066984975 31
1743806763629 0.21211908439825866 32
1743806775794 0.21836820671254037 33
1743806788367 0.22187894958573234 34
1743806800847 0.22672377475073727 35
1743806813501 0.23170902963066986 36
1743806825839 0.2394326639516922 37
1743806838222 0.24582221598090157 38
1743806850724 0.25368628001685156 39
1743806862754 0.25951411318635026 40
1743806875565 0.27032720123578147 41
1743806887827 0.2798062069933998 42
1743806900297 0.28858306417637974 43
1743806912779 0.2968684173571128 44
1743806925341 0.3126667602864766 45
1743806937859 0.31919674203061366 46
1743806950452 0.3311332677994664 47
1743806963030 0.34194635584889765 48
1743806975399 0.3554978233394186 49
1743806987767 0.36392360623507936 50
1743807000158 0.3779665777278472 51
1743807012571 0.38807751720264005 52
1743807025205 0.3969245892430838 53
1743807037824 0.4124420727425923 54
1743807050382 0.42409773908158965 55
1743807062817 0.4324533071197865 56
1743807075298 0.44438983288863926 57
1743807087838 0.4542199129335767 58
1743807100412 0.46383934840612273 59
1743807112904 0.4731077095913495 60
1743807125196 0.4866591770818705 61
1743807137631 0.49171464681926697 62
1743807150520 0.5005617188597107 63
1743807163005 0.5153068389271169 64
1743807175748 0.527945513270608 65
1743807188245 0.5356691475916304 66
1743807200990 0.5424799887656228 67
1743807213419 0.5539250105322286 68
1743807225777 0.5617890745681786 69
1743807238478 0.5704957168936947 70
1743807250940 0.5772363432102233 71
1743807263477 0.5843982586715349 72
1743807275726 0.5894537284089313 73
1743807288152 0.5960539250105322 74
1743807300388 0.5992838084538689 75
1743807312750 0.6032158404718438 76
1743807325199 0.6098862519309086 77
1743807337599 0.6178205308243224 78
1743807350052 0.6233675045639657 79
1743807362423 0.6256845948602724 80
1743807374917 0.6294059823058559 81
1743807387584 0.6334082291812948 82
1743807399863 0.6390254177784019 83
1743807412592 0.6447128212329729 84
1743807425262 0.6482235641061649 85
1743807437964 0.6519449515517484 86
1743807450342 0.654683330992838 87
1743807463042 0.6570706361466087 88
1743807475781 0.6603005195899452 89
1743807488250 0.6628282544586435 90
1743807501066 0.6650049150400225 91
1743807513579 0.6671113607639376 92
1743807525972 0.6717455413565511 93
1743807538300 0.6733604830782194 94
1743807550279 0.67483499508496 95
1743807562368 0.6776435893835135 96
1743807574486 0.6801713242522117 97
1743807586620 0.6826288442634462 98
1743807598944 0.685297008847072 99
1743807610999 0.6859991574217105 100
