1743806365207 2.36275892353722 0
1743806377696 2.361970777770074 1
1743806390295 2.3609476968570324 2
1743806402562 2.3596016673208875 3
1743806414830 2.3580647602652105 4
1743806427393 2.3563103028302272 5
1743806439694 2.3544383813673866 6
1743806452331 2.352155769295372 7
1743806464805 2.3497175016175236 8
1743806477237 2.3470192487778783 9
1743806489787 2.344016621616765 10
1743806502567 2.3408222197588837 11
1743806514958 2.3375081574425463 12
1743806527312 2.3340143412491843 13
1743806539696 2.330363394333193 14
1743806551821 2.326483041850183 15
1743806564149 2.32258147451134 16
1743806576555 2.318492180520748 17
1743806589004 2.3141861448354377 18
1743806601569 2.3096558210788283 19
1743806613983 2.3047737409766507 20
1743806626700 2.299688351439281 21
1743806639406 2.29438121978922 22
1743806651585 2.2893105766182225 23
1743806664404 2.2837333485789832 24
1743806676562 2.2785094804331205 25
1743806689010 2.272808411420682 26
1743806701406 2.2667216318106442 27
1743806713871 2.260805911809604 28
1743806726321 2.2547640640049496 29
1743806738721 2.2485963620642315 30
1743806751415 2.2421415805278158 31
1743806763629 2.2357347749079683 32
1743806775795 2.2294861762375118 33
1743806788368 2.2227659514456084 34
1743806800848 2.215724303317164 35
1743806813502 2.2089326503293427 36
1743806825840 2.201857591065763 37
1743806838222 2.1945126672350215 38
1743806850725 2.1871988618528686 39
1743806862755 2.1799921749810727 40
1743806875565 2.171927000604375 41
1743806887828 2.164241529736123 42
1743806900297 2.156278989688838 43
1743806912780 2.1478791300374955 44
1743806925342 2.139355745285037 45
1743806937859 2.130966305755164 46
1743806950453 2.1218283534745543 47
1743806963030 2.11321503447876 48
1743806975400 2.104264527441485 49
1743806987768 2.095309461619296 50
1743807000158 2.086221061496889 51
1743807012572 2.076860220446193 52
1743807025206 2.067235283296974 53
1743807037825 2.057118896977636 54
1743807050383 2.047206752340201 55
1743807062818 2.0370589514898754 56
1743807075298 2.0264815838350856 57
1743807087838 2.0160753641921922 58
1743807100413 2.0050489915061216 59
1743807112905 1.994815273202343 60
1743807125197 1.9841079277976992 61
1743807137632 1.9730427478994552 62
1743807150521 1.9615564900963136 63
1743807163006 1.9499624929880437 64
1743807175749 1.9380157365876134 65
1743807188246 1.9261970446200867 66
1743807200991 1.9144026915187466 67
1743807213419 1.9020448880031378 68
1743807225778 1.8905052331439434 69
1743807238479 1.8781890653293953 70
1743807250941 1.8664148606397821 71
1743807263478 1.8547390452800847 72
1743807275726 1.843128729512771 73
1743807288153 1.8309730431375228 74
1743807300388 1.818707645803258 75
1743807312750 1.8068121094140948 76
1743807325199 1.7947905097958194 77
1743807337600 1.7822524897912655 78
1743807350053 1.7695969068328696 79
1743807362423 1.7571451191890493 80
1743807374918 1.7443005451257678 81
1743807387584 1.7313008537495314 82
1743807399864 1.719022260263279 83
1743807412592 1.7061087767686993 84
1743807425263 1.693843474231959 85
1743807437965 1.6810450350163504 86
1743807450343 1.6685414817089552 87
1743807463043 1.6557337411397284 88
1743807475782 1.6432749158286475 89
1743807488250 1.6307052860662983 90
1743807501066 1.6180323446826839 91
1743807513580 1.6061812025913293 92
1743807525973 1.5937660951051653 93
1743807538301 1.5812723526796693 94
1743807550279 1.569249209387478 95
1743807562369 1.5571060953067561 96
1743807574486 1.5448829152703891 97
1743807586621 1.5329571472662846 98
1743807598945 1.5204805382873612 99
1743807610999 1.5091523617960383 100
