1743796919765 0.009707883692509776 0
1743796924708 0.017496172627303134 1
1743796929572 0.022132354787771192 2
1743796934487 0.025275174464912523 3
1743796939494 0.02687188345517141 4
1743796944388 0.028326071565013596 5
1743796949245 0.028998935172574476 6
1743796954096 0.029705466900294634 7
1743796958948 0.03003285238195369 8
1743796963805 0.030332148457836734 9
1743796968725 0.030613268479519916 10
1743796973742 0.030853400358669448 11
1743796978574 0.030947066180105454 12
1743796983429 0.03108779692616688 13
1743796988279 0.03131258806267688 14
1743796993145 0.03138361978743682 15
1743796998096 0.03139088397107637 16
1743797002922 0.03151774139592914 17
1743797007766 0.031594160987281954 18
1743797012631 0.031695253445749215 19
1743797017526 0.03169838305785498 20
1743797022485 0.03178932143765932 21
1743797027448 0.03192958465766828 22
1743797032559 0.03196770485802157 23
1743797037758 0.03205893038869206 24
1743797042861 0.03210693127981178 25
1743797048018 0.03211233846407168 26
1743797053209 0.03224523740362642 27
1743797058387 0.03228818681329278 28
1743797063531 0.03227681957831252 29
1743797068701 0.03240859706170075 30
1743797073872 0.03239597505270687 31
1743797078750 0.03245020007236838 32
1743797083591 0.03255386596141613 33
1743797088471 0.0325440562263927 34
1743797093416 0.03259902924098906 35
1743797098302 0.03269150725038996 36
1743797103150 0.03264689792844433 37
1743797107994 0.032713880670174264 38
1743797112851 0.0327769684672622 39
1743797117683 0.032814769889581034 40
1743797122599 0.03284010055906688 41
1743797127493 0.03281342896949018 42
1743797132453 0.03287262797918792 43
1743797137360 0.03287109836913408 44
1743797142333 0.03297963813820655 45
1743797147469 0.03310411067757676 46
