1743796919766 2.2198708204592146 0
1743796924708 2.0733214786177006 1
1743796929573 1.9353571256944155 2
1743796934487 1.7995505244319505 3
1743796939494 1.6721820013011084 4
1743796944389 1.5553509686124678 5
1743796949246 1.4479054750952818 6
1743796954097 1.354750103383286 7
1743796958948 1.2721808951901286 8
1743796963806 1.2016972581949383 9
1743796968725 1.1389182053580698 10
1743796973743 1.0852288470056441 11
1743796978575 1.0377474616649975 12
1743796983429 0.9972152846828369 13
1743796988280 0.9596071702689521 14
1743796993146 0.9274743302419722 15
1743796998097 0.8992767736144643 16
1743797002923 0.8748354250409162 17
1743797007767 0.8517236454146249 18
1743797012631 0.8319303051279513 19
1743797017527 0.8131582587704963 20
1743797022486 0.7957174861339129 21
1743797027449 0.7814014858413546 22
1743797032559 0.7685956505986004 23
1743797037759 0.7550088268859495 24
1743797042862 0.7437223973719947 25
1743797048019 0.7327470166979257 26
1743797053210 0.722334173507112 27
1743797058388 0.7133503146602814 28
1743797063532 0.7041297946570508 29
1743797068701 0.6963161906536333 30
1743797073873 0.687769101366454 31
1743797078750 0.6809075638825737 32
1743797083591 0.6741757865573769 33
1743797088471 0.6681298338074525 34
1743797093417 0.660550322535795 35
1743797098302 0.6541989857964421 36
1743797103150 0.6481762938334649 37
1743797107994 0.642702019514869 38
1743797112852 0.6373865919525276 39
1743797117683 0.6336685656328873 40
1743797122599 0.62838559451117 41
1743797127494 0.6232147588631751 42
1743797132454 0.6182205873414799 43
1743797137360 0.615254019607758 44
1743797142333 0.6099527327793619 45
1743797147470 0.6065166152785126 46
