1742791994184 0.8073608986644578 0
1742792240586 0.8264302362138077 1
1742792476571 0.8464989631259787 2
1742792687681 0.857991562928882 3
1742792892567 0.8658662130216868 4
1742793102486 0.8707599258771108 5
1742793307999 0.8741203197078615 6
1742793405359 0.8743778000133011 7
1742793647002 0.8770274968107811 8
1742793892304 0.8790127478068451 9
1742794132595 0.8806765073971742 10
1742794377028 0.8817272870176118 11
1742794618871 0.8825218710890503 12
1742794737865 0.8809756289260646 13
1742794975597 0.8835192199563485 14
1742795208932 0.8838184170591472 15
1742795449833 0.8843039794197133 16
1742795694681 0.8841483727426074 17
1742795935523 0.8853790182647022 18
1742796051399 0.8837972563648346 19
1742796170932 0.8829190119769531 20
1742796415915 0.8848410831857122 21
1742796535089 0.8831625866832727 22
1742796652520 0.8836124025852322 23
1742796770702 0.882940323819082 24
1742797007522 0.8861624929716265 25
1742797121892 0.884365647728853 26
1742797364350 0.8861209273220839 27
1742797480562 0.8847686833816 28
1742797596286 0.8848023893446836 29
1742797833794 0.8866503981233488 30
1742798058037 0.8869292658448256 31
1742798153785 0.8854374368957866 32
1742798357090 0.8876902195270888 33
1742798558844 0.8866278770986874 34
1742798654101 0.8856352893876096 35
1742798887159 0.8876000598545354 36
1742799002658 0.8858351823749554 37
1742799120509 0.8849962364193688 38
1742799360600 0.8870650721579676 39
1742799598997 0.887310536211994 40
1742799714571 0.8861086843489459 41
1742799830092 0.8859082623442421 42
1742800070661 0.8881159273523135 43
1742800185808 0.8859502814372343 44
1742800303284 0.8845413570655558 45
1742800540033 0.8885980133130997 46
1742800658852 0.8859096226745908 47
1742800774898 0.8864034225911572 48
1742800892145 0.8850464930683611 49
1742801130611 0.888963262011717 50
