1742791994185 0.4299164789716685 0
1742792240587 0.40022020411509596 1
1742792476572 0.3556985797732595 2
1742792687681 0.3271739387216139 3
1742792892568 0.3082281899799725 4
1742793102487 0.2960403581433212 5
1742793308000 0.28590412457839126 6
1742793405359 0.2887732533290728 7
1742793647003 0.2814039288651634 8
1742793892305 0.27849038980787943 9
1742794132596 0.27831643649306287 10
1742794377029 0.2781908554277696 11
1742794618872 0.27829482065394967 12
1742794737866 0.28582868208079826 13
1742794975598 0.27720777060319945 14
1742795208933 0.27831473949212404 15
1742795449834 0.27798613975249764 16
1742795694682 0.27837414735260935 17
1742795935524 0.27799321107191766 18
1742796051400 0.2879928188075191 19
1742796170933 0.28931582036789705 20
1742796415916 0.2802094418638728 21
1742796535090 0.28914933265805015 22
1742796652521 0.2911384323101158 23
1742796770702 0.29076916597374514 24
1742797007523 0.28165494533737223 25
1742797121893 0.2908450100932668 26
1742797364351 0.2792726537298268 27
1742797480563 0.29077392457225437 28
1742797596287 0.2913924775551174 29
1742797833795 0.28050206346777967 30
1742798058038 0.2802426784722811 31
1742798153786 0.29053146626332793 32
1742798357091 0.2798822952058423 33
1742798558845 0.27977686889489223 34
1742798654102 0.291110610041747 35
1742798887159 0.28010072941034575 36
1742799002659 0.2913819164173192 37
1742799120510 0.292773861496263 38
1742799360600 0.2810641323643192 39
1742799598998 0.2794667857921784 40
1742799714572 0.2904761258844303 41
1742799830093 0.2932187941005436 42
1742800070662 0.28172514000640336 43
1742800185809 0.2925365268795557 44
1742800303285 0.2945560803406309 45
1742800540033 0.28150815189619727 46
1742800658853 0.29167317583262525 47
1742800774898 0.2929357317826105 48
1742800892146 0.2947796264614178 49
1742801130612 0.28028266198304 50
