1745250165499 0.032314337929888685 0
1745250179314 0.05806612394085396 1
1745250193300 0.07742149858780528 2
1745250207235 0.09420169463366007 3
1745250221030 0.11829207509553082 4
1745250234822 0.13432463864429306 5
1745250248513 0.14670210998504735 6
1745250262216 0.16231932214653597 7
1745250276053 0.1745306529323808 8
1745250289978 0.18341917262003654 9
1745250303804 0.1901478650938694 10
1745250317617 0.1959627845157003 11
1745250331508 0.20219305532480478 12
1745250345342 0.21008473168300382 13
1745250359110 0.21855789998338596 14
1745250372995 0.22212992191393918 15
1745250386682 0.22271141385612228 16
1745250400347 0.22420667885030737 17
1745250414233 0.2302708091045024 18
1745250427898 0.2374148529656089 19
1745250441471 0.2367502907459711 20
1745250455365 0.24322977238743979 21
1745250469342 0.24588802126599102 22
1745250483095 0.2501246054161821 23
1745250497072 0.25461040039873734 24
1745250510842 0.25494268150855626 25
1745250524747 0.2594284764911115 26
1745250538538 0.2602591792656587 27
1745250552446 0.26590795813258017 28
1745250566233 0.26557567702276125 29
1745250580361 0.27055989367004485 30
1745250594361 0.26997840172786175 31
1745250608254 0.27271972088386776 32
