1745250165500 4.662989365798979 0
1745250179314 4.534977298366167 1
1745250193301 4.394001873865404 2
1745250207236 4.251072573230867 3
1745250221031 4.114629263585232 4
1745250234823 3.984875086928276 5
1745250248514 3.8749641675115285 6
1745250262217 3.7729935217625257 7
1745250276054 3.691858072198705 8
1745250289978 3.60122341924778 9
1745250303805 3.532179860970512 10
1745250317618 3.4629903369563224 11
1745250331508 3.4103621643047566 12
1745250345346 3.3677127164870364 13
1745250359111 3.3033830564830824 14
1745250372996 3.2518544068051867 15
1745250386683 3.215510446416976 16
1745250400348 3.1772913042864612 17
1745250414234 3.1397912639086365 18
1745250427898 3.0955151424732663 19
1745250441471 3.074138221268696 20
1745250455365 3.0353813297911922 21
1745250469343 3.0118629185027963 22
1745250483096 2.9728065387648464 23
1745250497072 2.937228775766027 24
1745250510842 2.908977808747887 25
1745250524748 2.8831921116350676 26
1745250538539 2.8658181887156022 27
1745250552447 2.8410720034475436 28
1745250566234 2.8190887719956503 29
1745250580362 2.7939566338498234 30
1745250594362 2.769454815524022 31
1745250608255 2.753671185867082 32
