1743812433862 0.05392501053222862 0
1743812446707 0.05392501053222862 1
1743812459278 0.05392501053222862 2
1743812471962 0.05399522538969246 3
1743812484505 0.05385479567476478 4
1743812496990 0.05378458081730094 5
1743812509375 0.05378458081730094 6
1743812522099 0.05399522538969246 7
1743812534459 0.05413565510462014 8
1743812546909 0.054276084819547814 9
1743812559540 0.0544165145344755 10
1743812572316 0.054276084819547814 11
1743812584618 0.05448672939193933 12
1743812597086 0.05462715910686701 13
1743812609746 0.05497823339418621 14
1743812622164 0.05490801853672237 15
1743812634683 0.055188877966577725 16
1743812647304 0.055188877966577725 17
1743812659839 0.055188877966577725 18
1743812672313 0.055188877966577725 19
1743812685021 0.05553995225389693 20
1743812698101 0.055680381968824605 21
1743812710516 0.055680381968824605 22
1743812722486 0.05553995225389693 23
1743812734892 0.05561016711136076 24
1743812746812 0.056101671113607636 25
1743812759080 0.05596124139867996 26
1743812771767 0.056382530543463 27
1743812784305 0.056312315685999155 28
1743812796715 0.05694424940317371 29
1743812809277 0.057225108833029066 30
1743812821960 0.05750596826288443 31
1743812834283 0.05820811683752282 32
1743812846587 0.058769835697233534 33
1743812859285 0.05891026541216121 34
1743812872273 0.05919112484201657 35
1743812885029 0.06003370313158264 36
1743812897781 0.060595421991293356 37
1743812910260 0.061086925993540236 38
1743812922701 0.06157842999578711 39
1743812934862 0.0626316528577447 40
1743812947776 0.0633338014323831 41
1743812960123 0.06480831343912372 42
1743812972466 0.06593175115854515 43
