1743812433863 2.3631830355014007 0
1743812446708 2.363104235311473 1
1743812459278 2.3630053266033086 2
1743812471963 2.3628726807462725 3
1743812484506 2.362724950617369 4
1743812496991 2.362547948852717 5
1743812509375 2.362358414967496 6
1743812522100 2.362128704163666 7
1743812534460 2.361876429035999 8
1743812546910 2.3615930608587483 9
1743812559540 2.3612727755412486 10
1743812572316 2.3609338700154305 11
1743812584623 2.3605816167288975 12
1743812597086 2.3602065072094636 13
1743812609747 2.359811400595345 14
1743812622165 2.3593755439695117 15
1743812634684 2.3589507094350393 16
1743812647305 2.358507037274967 17
1743812659840 2.358024552787021 18
1743812672313 2.3575113342460345 19
1743812685021 2.3569555728645977 20
1743812698101 2.356387906260305 21
1743812710516 2.3557643157579164 22
1743812722487 2.3551711580655947 23
1743812734892 2.3545002987127663 24
1743812746813 2.3538799774572716 25
1743812759081 2.3531531622107815 26
1743812771768 2.352404439783626 27
1743812784305 2.351678274545251 28
1743812796715 2.350921249964043 29
1743812809277 2.35014788574493 30
1743812821961 2.3493446286914264 31
1743812834284 2.3485162466366187 32
1743812846587 2.347747272406732 33
1743812859286 2.3468971285648585 34
1743812872273 2.3460219257770456 35
1743812885030 2.3451456970668616 36
1743812897782 2.3442623207803814 37
1743812910261 2.3433093055367538 38
1743812922702 2.3423732931322685 39
1743812934863 2.341403544431529 40
1743812947777 2.3403593767795456 41
1743812960124 2.3393653704580246 42
1743812972466 2.3383521508210214 43
