1742778557221 0.027733821937203296 0
1742778562770 0.06296327142500208 1
1742778568277 0.08286832680936121 2
1742778573812 0.1031898059465312 3
1742778579443 0.11759806779378695 4
1742778584965 0.12925793287249104 5
1742778590511 0.13866910968601648 6
1742778596033 0.14891313400516365 7
1742778601657 0.17664695594236696 8
1742778607303 0.1734821354210044 9
1742778612836 0.1866411260098276 10
1742778618471 0.2000499708503373 11
1742778624024 0.20712917464812192 12
1742778629595 0.21595735820771217 13
1742778635251 0.21387523944365786 14
1742778640832 0.22078787374031814 15
1742778646377 0.23128175231115183 16
1742778651957 0.23502956608644957 17
1742778657603 0.23469642708420088 18
1742778663183 0.251686516198884 19
1742778668714 0.2563504622303656 20
1742778674255 0.2580994419921712 21
1742778679847 0.2582660114932956 22
1742778685507 0.27067543932705923 23
1742778691079 0.2715082868326809 24
1742778696595 0.27883734488215206 25
1742778702118 0.28366786041475806 26
1742778707712 0.2913300574664779 27
1742778713408 0.2858332639293745 28
1742778719031 0.297659698509203 29
1742778724720 0.2924960439743483 30
1742778730248 0.3009078037811277 31
1742778735887 0.3094861330890314 32
1742778741566 0.3074040143249771 33
1742778747149 0.3115682518530857 34
1742778752731 0.3173148996418756 35
1742778758327 0.31464978762388607 36
1742778763896 0.31823103189805946 37
1742778769539 0.3234779711834763 38
1742778775309 0.32780877821270926 39
1742778780934 0.3323061547430665 40
1742778786514 0.3343049887565587 41
1742778792044 0.33921878903972685 42
1742778797651 0.3386357957857916 43
1742778803223 0.3403847755475972 44
1742778808811 0.33938535854085117 45
1742778814401 0.33672024652286164 46
1742778819984 0.3413841925543433 47
1742778825703 0.3410510535520946 48
1742778831246 0.34813025734987924 49
1742778836844 0.3425501790622137 50
