1742778557222 4.504886114943035 0
1742778562771 4.303485603788166 1
1742778568278 4.1254743190143 2
1742778573813 3.9876579347941163 3
1742778579444 3.853289560910533 4
1742778584966 3.7560388829000257 5
1742778590512 3.668192601467557 6
1742778596033 3.5701826346485146 7
1742778601658 3.4869563244788404 8
1742778607303 3.463610161427737 9
1742778612837 3.3726072762322383 10
1742778618472 3.3220060148742534 11
1742778624025 3.25666155729069 12
1742778629595 3.214246025718181 13
1742778635252 3.1788770658298846 14
1742778640833 3.1414190111691536 15
1742778646378 3.091102200362271 16
1742778651958 3.071467447201295 17
1742778657604 3.016138662730829 18
1742778663184 2.9710647682543714 19
1742778668717 2.956004683170044 20
1742778674256 2.9451621924316163 21
1742778679847 2.928861869393772 22
1742778685508 2.8582303151192954 23
1742778691079 2.831099863169762 24
1742778696596 2.7939056670668228 25
1742778702118 2.7668676906604 26
1742778707712 2.722667165919781 27
1742778713409 2.739845437543914 28
1742778719032 2.692852197933515 29
1742778724720 2.700479691470811 30
1742778730249 2.6590753814111094 31
1742778735888 2.6354955400600826 32
1742778741567 2.600002935279418 33
1742778747149 2.598381659244909 34
1742778752732 2.5769233265501112 35
1742778758328 2.5549595982874704 36
1742778763897 2.53555288151662 37
1742778769539 2.522378568979586 38
1742778775310 2.502061092776444 39
1742778780935 2.482858161102524 40
1742778786515 2.4477258777160773 41
1742778792045 2.4273843314337773 42
1742778797652 2.424876709646455 43
1742778803223 2.410975911100946 44
1742778808811 2.3917013126700004 45
1742778814402 2.4022071017070923 46
1742778819985 2.368349530827196 47
1742778825704 2.3721097669321884 48
1742778831246 2.3592580400800593 49
1742778836845 2.379672641486035 50
