1745182978975 0.009386941352384118 0
1745182990350 0.009885363017112478 1
1745183001769 0.010134573849476657 2
1745183013242 0.009968433294567204 3
1745183024644 0.009636152184748297 4
1745183036191 0.009885363017112478 5
1745183047455 0.010217644126931383 6
1745183058630 0.009885363017112478 7
1745183069869 0.011795979398571192 8
1745183081186 0.010716065791659743 9
1745183092452 0.011297557733842832 10
1745183103637 0.012543611895663732 11
1745183114919 0.011629838843661738 12
1745183126191 0.013623525502575179 13
1745183137430 0.014786509386941352 14
1745183148828 0.014786509386941352 15
1745183159972 0.015783352716398073 16
1745183171120 0.015700282438943346 17
1745183182421 0.014703439109486625 18
1745183193592 0.016946336600764247 19
1745183204859 0.017444758265492608 20
1745183216316 0.016198704103671708 21
1745183227872 0.0158664229938528 22
1745183239240 0.015534141884033893 23
1745183250833 0.013955806612394086 24
1745183262267 0.0158664229938528 25
1745183274017 0.016032563548762254 26
1745183285545 0.016780196045854793 27
1745183297026 0.017195547433128427 28
1745183308357 0.017278617710583154 29
1745183320131 0.016447914936035885 30
