1745182978976 4.605689017599297 0
1745182990351 4.60387859158077 1
1745183001770 4.601825988508163 2
1745183013243 4.599337675131484 3
1745183024645 4.596691732699253 4
1745183036192 4.594042407008168 5
1745183047456 4.591432225158005 6
1745183058631 4.589138982375162 7
1745183069870 4.587211508768955 8
1745183081187 4.5852906659853065 9
1745183092452 4.583301324611854 10
1745183103637 4.582158759042163 11
1745183114920 4.580208000288936 12
1745183126192 4.579098834065441 13
1745183137430 4.5779788566267055 14
1745183148829 4.576179813867659 15
1745183159973 4.575031107140469 16
1745183171121 4.574579758722274 17
1745183182422 4.573343797609955 18
1745183193593 4.572609624425721 19
1745183204859 4.571858826882201 20
1745183216317 4.570909352100111 21
1745183227873 4.570339149164021 22
1745183239241 4.569635580446901 23
1745183250833 4.569030763422456 24
1745183262267 4.568399932515777 25
1745183274018 4.5682063564727065 26
1745183285546 4.5676235163497445 27
1745183297026 4.567519319012367 28
1745183308357 4.566681297850639 29
1745183320132 4.566785339850145 30
