1743813772316 0.16949866591770818 0
1743813786061 0.2191405701446426 1
1743813799891 0.13516360061789073 2
1743813813540 0.1252633057154894 3
1743813826906 0.09935402331133268 4
1743813840488 0.07835978092964471 5
1743813854159 0.13670832748209522 6
1743813867970 0.09879230445162196 7
1743813881629 0.09879230445162196 8
1743813895368 0.09879230445162196 9
1743813909057 0.09935402331133268 10
1743813923181 0.09900294902401348 11
1743813936699 0.09935402331133268 12
1743813950372 0.09935402331133268 13
1743813963645 0.09879230445162196 14
1743813976754 0.09879230445162196 15
1743813990061 0.09900294902401348 16
1743814003721 0.09935402331133268 17
1743814017468 0.09900294902401348 18
1743814031293 0.09949445302626035 19
1743814045186 0.0995646678837242 20
1743814059317 0.10419884847633759 21
1743814073272 0.09935402331133268 22
1743814086920 0.09935402331133268 23
1743814100766 0.09935402331133268 24
1743814114187 0.09626456958292375 25
1743814127811 0.09844123016430277 26
1743814141600 0.09900294902401348 27
1743814155400 0.0995646678837242 28
1743814169284 0.09935402331133268 29
1743814183012 0.11578429995787108 30
1743814196763 0.20425502036230866 31
1743814210549 0.19955062491223144 32
1743814224131 0.2155596124139868 33
1743814238042 0.2948321864906614 34
1743814251921 0.31856480831343914 35
1743814265810 0.36251930908580254 36
1743814279550 0.4177081870523803 37
1743814293268 0.30740064597668865 38
1743814306993 0.31098160370734446 39
1743814320467 0.3435612975705659 40
1743814334540 0.3169498665917708 41
1743814348199 0.2869681224547114 42
1743814361794 0.2814211487150681 43
1743814375671 0.3606235079342789 44
1743814389579 0.32347984833590787 45
1743814403257 0.3093666619856762 46
1743814417181 0.31947760146046905 47
1743814431132 0.34658053644151104 48
1743814444936 0.4020502738379441 49
1743814458771 0.3319056312315686 50
1743814472333 0.33569723353461595 51
1743814486108 0.33913776155034403 52
1743814499987 0.35282965875579275 53
1743814514046 0.3503019238870945 54
1743814527709 0.35942985535739364 55
1743814541529 0.36188737536862803 56
1743814555514 0.35837663249543605 57
1743814569278 0.3649066142395731 58
1743814583166 0.3629405982305856 59
1743814596736 0.3942564246594579 60
1743814610400 0.37564948743154053 61
1743814624259 0.3682769273978374 62
1743814638365 0.3793006600196602 63
1743814651900 0.43919393343631513 64
1743814665523 0.3686982165426204 65
1743814679060 0.406895099002949 66
1743814692657 0.39236062350793427 67
1743814706123 0.42409773908158965 68
1743814719635 0.39657351495576465 69
1743814733227 0.4159528156157843 70
1743814746748 0.4684033141412723 71
1743814760144 0.41609324533071196 72
1743814773396 0.426133969948041 73
1743814786787 0.42142957449796375 74
1743814800423 0.4079483218649066 75
1743814814193 0.42016570706361467 76
1743814827849 0.4311192248279736 77
1743814841815 0.4307681505406544 78
1743814855421 0.41405701446426063 79
1743814869183 0.4161634601881758 80
1743814883008 0.4429153208818986 81
1743814897075 0.4317511585451482 82
1743814910792 0.49122314281702006 83
1743814924627 0.5018958011515237 84
1743814938510 0.4424940317371156 85
1743814952263 0.5093385760426906 86
1743814965964 0.4894677713804241 87
1743814979875 0.4614520432523522 88
1743814993591 0.5186771520853812 89
1743815007360 0.4771099564667884 90
1743815021060 0.5038618171605111 91
1743815034716 0.4648223564106165 92
1743815048306 0.5324392641482938 93
1743815062020 0.5024575200112343 94
1743815075715 0.580396011796096 95
1743815089318 0.5855919112484201 96
1743815102973 0.5828535318073305 97
1743815116592 0.5292093807049572 98
1743815130087 0.5511866310911389 99
1743815143403 0.4866591770818705 100
1743815156697 0.49318915882600756 101
1743815170335 0.4935402331133268 102
1743815183986 0.5099002949024013 103
1743815197618 0.5103215840471844 104
1743815211800 0.5085662126105884 105
1743815225461 0.4924870102513692 106
1743815239117 0.507442774891167 107
1743815252705 0.5479567476478022 108
1743815266670 0.5230304732481393 109
1743815280520 0.5047746103075411 110
1743815294181 0.5297710995646678 111
1743815308051 0.5636848757197023 112
1743815321924 0.525347563544446 113
1743815335542 0.5178345737958152 114
1743815349298 0.5248560595421992 115
1743815363189 0.5696531386041286 116
1743815377159 0.5339137761550344 117
1743815391104 0.5289987361325657 118
1743815405021 0.5759724757758742 119
1743815418959 0.5978092964471282 120
1743815432742 0.6016008987501755 121
1743815446570 0.597036933015026 122
1743815460189 0.5933155455694425 123
1743815474055 0.5654402471562983 124
1743815487792 0.5767448392079764 125
1743815501800 0.6028647661845247 126
1743815515511 0.6209099845527314 127
1743815529361 0.5879090015447269 128
1743815543386 0.5946496278612554 129
1743815556955 0.6054627159106867 130
1743815570509 0.6021626176098862 131
1743815583902 0.5975284370172729 132
1743815597177 0.6192950428310631 133
1743815610665 0.6215419182699059 134
1743815624052 0.6329869400365117 135
1743815637437 0.6407807892149979 136
1743815650986 0.6327762954641202 137
1743815664372 0.6305294200252773 138
1743815677964 0.6276506108692599 139
1743815691362 0.6325656508917287 140
1743815704642 0.6388849880634743 141
1743815718232 0.6265271731498385 142
1743815731520 0.6397275663530403 143
1743815744926 0.639867996067968 144
1743815758308 0.6366381126246313 145
1743815771519 0.649908720685297 146
1743815784958 0.6471703412442072 147
1743815798170 0.6282123297289707 148
1743815811661 0.6437298132284791 149
1743815824978 0.6610728830220475 150
1743815838608 0.6492065721106586 151
1743815852069 0.6563684875719702 152
1743815865563 0.6670411459064738 153
1743815878961 0.662196320741469 154
1743815892490 0.679609605392501 155
1743815906170 0.6816458362589524 156
1743815919620 0.6848055048448252 157
1743815933631 0.6904929082993961 158
1743815947527 0.6749754247998877 159
1743815961298 0.6906333380143238 160
1743815975215 0.6708327482095211 161
1743815988471 0.6947760146046904 162
1743816002108 0.6654964190422693 163
1743816015741 0.6985676169077377 164
1743816029469 0.6962505266114309 165
1743816043303 0.7000421289144783 166
1743816057036 0.6987080466226654 167
1743816070892 0.7009549220615082 168
1743816084765 0.7040443757899172 169
1743816098700 0.7047465243645555 170
1743816112480 0.708046622665356 171
1743816126372 0.7081168375228198 172
1743816140295 0.7088189860974582 173
1743816154199 0.7079764078078922 174
1743816168027 0.7085381266676029 175
1743816181516 0.7081168375228198 176
1743816194999 0.7145063895520292 177
1743816208533 0.712891447830361 178
1743816222068 0.7094509198146328 179
1743816235690 0.6942142957449796 180
1743816249455 0.7167532649908721 181
1743816263253 0.7161213312736975 182
1743816276867 0.7149276786968123 183
1743816290594 0.7210363712961663 184
1743816304352 0.721598090155877 185
1743816318113 0.7054486729391939 186
1743816331801 0.7241258250245752 187
1743816345675 0.717666058137902 188
1743816359484 0.7239853953096476 189
1743816373198 0.7232832467350091 190
1743816386615 0.7255301221738519 191
1743816400332 0.706712540373543 192
1743816414193 0.7284791461873332 193
1743816427777 0.727706782755231 194
1743816441493 0.7305855919112484 195
1743816455479 0.7266535598932734 196
1743816469408 0.7306558067687122 197
1743816483006 0.7291110799045077 198
1743816496644 0.7301643027664654 199
1743816509992 0.7300940879090015 200
1743816523137 0.7335346159247297 201
1743816536899 0.734236764499368 202
1743816550669 0.7340261199269765 203
1743816564381 0.7326920376351636 204
1743816578009 0.7352197725038618 205
1743816591623 0.7357112765061087 206
1743816605374 0.7358517062210364 207
1743816619312 0.7392922342367645 208
1743816633072 0.7378879370874877 209
1743816646899 0.7393624490942283 210
1743816660586 0.7384496559471985 211
1743816674597 0.7399943828114028 212
1743816688538 0.7405561016711136 213
1743816702514 0.7389411599494453 214
1743816716427 0.7402050273837945 215
1743816730370 0.7415391096756073 216
1743816744552 0.7444881336890886 217
1743816758260 0.740836961100969 218
1743816772158 0.7457520011234378 219
1743816786039 0.7442072742592333 220
1743816799852 0.7404858868136498 221
1743816813769 0.7475073725600337 222
1743816827312 0.7445583485465525 223
1743816841309 0.7455413565510463 224
1743816855047 0.746945653700323 225
1743816868778 0.7494031737115574 226
1743816882550 0.7512287600056172 227
1743816896309 0.7504563965735149 228
1743816910017 0.7478584468473529 229
1743816923815 0.7514394045780087 230
1743816937499 0.7522117680101109 231
1743816951432 0.7531947760146047 232
1743816964874 0.7515096194354726 233
1743816978138 0.7515798342929364 234
1743816992151 0.7532649908720686 235
1743817006042 0.7541777840190984 236
1743817020048 0.7529841314422132 237
1743817033789 0.7527032720123578 238
1743817047649 0.7522819828675747 239
1743817061546 0.7561438000280859 240
1743817075247 0.7544586434489537 241
1743817089324 0.7557927257407667 242
1743817103186 0.7550203623086645 243
1743817116937 0.7558629405982306 244
1743817130703 0.7588119646117119 245
1743817144421 0.757828956607218 246
1743817158287 0.7563544446004775 247
1743817171934 0.757828956607218 248
1743817185613 0.7585311051818565 249
1743817199543 0.7584608903243927 250
1743817213427 0.7602162617609887 251
1743817227216 0.7611992697654824 252
1743817240981 0.7632355006319337 253
1743817254799 0.7616907737677292 254
1743817268407 0.7640780789214998 255
1743817281905 0.7631652857744698 256
1743817295678 0.760918410335627 257
1743817309103 0.764429153208819 258
1743817322873 0.7634461452043252 259
1743817336182 0.7632355006319337 260
1743817349666 0.7620418480550485 261
1743817363166 0.7666760286476618 262
1743817376603 0.7653419463558488 263
1743817390098 0.7659036652155596 264
1743817403638 0.7664653840752703 265
1743817416978 0.7659036652155596 266
1743817430475 0.7653419463558488 267
1743817443857 0.7661143097879511 268
1743817457202 0.7676590366521556 269
1743817470507 0.7696250526611431 270
1743817483857 0.7699059120909985 271
1743817497408 0.7666760286476618 272
1743817510703 0.7689229040865047 273
1743817523985 0.77011655666339 274
1743817537487 0.7682909703693301 275
1743817551099 0.7690633338014324 276
1743817564677 0.7682207555118663 277
1743817578167 0.7723634321022328 278
1743817591559 0.7711697795253476 279
1743817605163 0.7703272012357815 280
1743817618634 0.7701867715208538 281
1743817632524 0.7702569863783176 282
1743817646568 0.7710293498104199 283
1743817660349 0.7734868698216543 284
1743817674370 0.774048588681365 285
1743817688204 0.7694846229462154 286
1743817702189 0.7711697795253476 287
1743817715911 0.7713804240977391 288
1743817729957 0.7725038618171605 289
1743817743623 0.7708889200954923 290
1743817757145 0.7730655806768713 291
1743817770757 0.7728549361044798 292
1743817784123 0.7767869681224547 293
1743817797608 0.7741188035388288 294
1743817811093 0.7739081589664373 295
1743817824699 0.7730655806768713 296
1743817838279 0.7750315966858587 297
1743817851495 0.7742592332537565 298
1743817864919 0.7787529841314422 299
1743817878376 0.7774891166970931 300
1743817891668 0.7732762252492628 301
1743817905281 0.7782614801291954 302
1743817918883 0.7764358938351356 303
1743817932752 0.7775593315545569 304
1743817946476 0.7753124561157141 305
1743817960125 0.7795955624210082 306
1743817973912 0.7780508355568038 307
1743817987865 0.7815615784299957 308
1743818001742 0.7780508355568038 309
1743818015554 0.7791742732762252 310
1743818029355 0.7799466367083275 311
1743818042568 0.7804381407105744 312
1743818056042 0.7812807190001404 313
1743818069345 0.7789636287038337 314
1743818082999 0.7809296447128212 315
1743818096871 0.7808594298553574 316
1743818110686 0.783668024153911 317
1743818124453 0.7817722230023874 318
1743818138181 0.7842999578710855 319
1743818151584 0.7805083555680382 320
1743818165083 0.7819828675747789 321
1743818178584 0.7844403875860132 322
1743818192116 0.7824743715770257 323
1743818205497 0.7852127510181154 324
1743818219329 0.7839488835837664 325
1743818233231 0.7847212470158685 326
1743818247130 0.7846510321584047 327
1743818260810 0.7879511304592052 328
1743818274745 0.787108552169639 329
1743818288818 0.7904788653279033 330
1743818302837 0.7854936104479708 331
1743818316557 0.7859851144502177 332
1743818330750 0.7857042550203623 333
1743818344541 0.7864766184524645 334
1743818358394 0.7885128493189159 335
1743818372196 0.7878107007442775 336
1743818386091 0.7864766184524645 337
1743818400046 0.7916725179047887 338
1743818413527 0.7880915601741328 339
1743818427290 0.7920235921921078 340
1743818441153 0.7899171464681927 341
1743818455015 0.7927959556242101 342
1743818468911 0.7883724196039882 343
1743818482738 0.790198005898048 344
1743818496398 0.794130037916023 345
1743818510308 0.7924448813368908 346
1743818524107 0.7896362870383373 347
1743818537873 0.7918129476197163 348
1743818551420 0.7931470299115293 349
1743818565309 0.7949726162055891 350
1743818579137 0.7916725179047887 351
1743818592902 0.794130037916023 352
1743818606734 0.7938491784861677 353
1743818620471 0.7963769133548659 354
1743818634251 0.7951130459205168 355
1743818648156 0.7938491784861677 356
1743818661829 0.7955343350652998 357
1743818675605 0.7966577727847213 358
1743818689496 0.7963769133548659 359
1743818703188 0.7969386322145766 360
1743818716663 0.7965173430697936 361
1743818730472 0.7998876562280579 362
1743818744212 0.7978514253616065 363
1743818758253 0.7984131442213173 364
1743818771773 0.7970790619295043 365
1743818785398 0.7988344333661003 366
1743818799150 0.8005195899452324 367
1743818812974 0.8001685156579132 368
1743818826604 0.7989046482235641 369
1743818840481 0.7990450779384918 370
1743818854356 0.7994663670832748 371
1743818868322 0.7991152927959556 372
1743818882099 0.8022749613818284 373
1743818895880 0.7988344333661003 374
1743818909556 0.8012217385198708 375
1743818923221 0.8038196882460329 376
1743818936842 0.8025558208116838 377
1743818950651 0.8024153910967561 378
1743818964636 0.8041707625333521 379
1743818978444 0.7999578710855217 380
1743818992105 0.8031877545288583 381
1743819005954 0.80157281280719 382
1743819019830 0.8040303328184244 383
1743819033530 0.8043111922482797 384
1743819046960 0.8026260356691476 385
1743819060668 0.8022749613818284 386
1743819074461 0.8049431259654543 387
1743819088248 0.8041707625333521 388
1743819102131 0.8050133408229181 389
1743819116132 0.8057154893975566 390
1743819129743 0.8064176379721949 391
1743819143553 0.8069091419744417 392
1743819157277 0.8055750596826289 393
1743819171511 0.8069793568319056 394
1743819185430 0.8062069933998034 395
1743819199188 0.8061367785423396 396
1743819213072 0.8071197865468334 397
1743819226935 0.8068389271169779 398
1743819240407 0.8074006459766887 399
1743819253678 0.805504844825165 400
1743819267038 0.8079623648363994 401
1743819280810 0.8074006459766887 402
1743819294465 0.808102794551327 403
1743819308227 0.8085240836961101 404
1743819321758 0.8085942985535739 405
1743819335393 0.8102092402752422 406
1743819348799 0.8092262322707485 407
1743819362081 0.8109113888498807 408
1743819375391 0.8110518185648083 409
1743819388913 0.8081730094087909 410
1743819402323 0.810770959134953 411
1743819415688 0.8107007442774892 412
1743819429145 0.8111220334222722 413
1743819442673 0.8088751579834292 414
1743819456065 0.809858165987923 415
1743819469447 0.8117539671394467 416
1743819483317 0.8122454711416935 417
1743819496960 0.8113326779946637 418
1743819510677 0.8121050414267659 419
1743819524479 0.811613537424519 420
1743819538360 0.8132986940036512 421
1743819552061 0.811192248279736 422
1743819565691 0.8114028928521275 423
1743819579512 0.8137199831484342 424
1743819593363 0.8143519168656088 425
1743819607102 0.8135093385760427 426
1743819620671 0.812947619716332 427
1743819634373 0.8149136357253195 428
1743819647987 0.8140710574357534 429
1743819661677 0.8138604128633619 430
1743819675419 0.8135795534335065 431
1743819689441 0.8142817020081449 432
1743819703485 0.8142817020081449 433
1743819717167 0.8156157842999578 434
1743819730974 0.8144923465805365 435
1743819744863 0.8163179328745963 436
1743819758867 0.8156157842999578 437
1743819772613 0.815545569442494 438
1743819786629 0.8156157842999578 439
1743819800496 0.8157562140148855 440
1743819814322 0.8152647100126387 441
1743819828213 0.8169498665917708 442
1743819842184 0.8184243785985115 443
1743819855991 0.8173711557365538 444
1743819869833 0.8187754528858306 445
1743819883398 0.8161072883022047 446
1743819897419 0.8158966437298132 447
1743819911079 0.8196180311753967 448
1743819925045 0.8187754528858306 449
1743819938888 0.8175818003089453 450
1743819952566 0.8166690071619155 451
1743819966265 0.8167392220193793 452
1743819979959 0.8184945934559753 453
1743819993635 0.81821373402612 454
1743820007284 0.8175818003089453 455
1743820021238 0.8183541637410476 456
1743820034948 0.8191265271731498 457
1743820048959 0.8192669568880775 458
1743820062428 0.8194073866030052 459
1743820075851 0.8170902963066985 460
1743820089208 0.8182839488835838 461
1743820102679 0.8175115854514815 462
1743820116187 0.8177924448813368 463
1743820129446 0.8180733043111923 464
1743820142905 0.820811683752282 465
1743820156496 0.8198286757477883 466
1743820170104 0.8200393203201798 467
1743820184052 0.8203201797500351 468
1743820197743 0.8181435191686561 469
1743820211445 0.8211627580396011 470
1743820225066 0.8208818986097458 471
1743820238887 0.8189158826007583 472
1743820252555 0.821232972897065 473
1743820266226 0.821232972897065 474
1743820279994 0.8207414688948181 475
1743820293653 0.8202499648925713 476
1743820307058 0.8197584608903244 477
1743820320728 0.8200393203201798 478
1743820334214 0.8210925431821373 479
1743820347600 0.8207414688948181 480
1743820360990 0.8189158826007583 481
1743820374481 0.8217946917567758 482
1743820387726 0.8211627580396011 483
1743820401157 0.822567055188878 484
1743820414624 0.8223564106164865 485
1743820428215 0.8220053363291673 486
1743820441451 0.8217244768993119 487
1743820455367 0.822988344333661 488
1743820469308 0.8220755511866311 489
1743820482834 0.8222861957590226 490
1743820496706 0.8227074849038056 491
1743820510615 0.8238309226232271 492
1743820524180 0.8241819969105463 493
1743820537804 0.8239713523381548 494
1743820551576 0.8258671534896784 495
1743820565464 0.8234798483359079 496
1743820579354 0.8239011374806909 497
1743820592935 0.8243926414829378 498
1743820606921 0.82516500491504 499
1743820620923 0.8246735009127931 500
1743820634442 0.8236202780508356 501
1743820648033 0.8246032860553293 502
1743820661998 0.8260777980620699 503
1743820676047 0.8233394186209801 504
1743820689826 0.8256565089172869 505
1743820703472 0.8259373683471423 506
1743820717074 0.8233394186209801 507
1743820731080 0.8235500631933718 508
1743820744840 0.8253054346299677 509
1743820758557 0.8253756494874316 510
1743820772615 0.8242522117680101 511
1743820786928 0.8234798483359079 512
1743820800884 0.8261480129195338 513
1743820814482 0.8286055329307681 514
1743820828088 0.8275523100688106 515
1743820841928 0.8275523100688106 516
1743820855339 0.8264288723493891 517
1743820869040 0.8280438140710574 518
1743820882570 0.8265693020643168 519
1743820895931 0.8272012357814914 520
1743820909374 0.8298694003651172 521
1743820923314 0.8276927397837383 522
1743820937177 0.8300800449375088 523
1743820950612 0.8298694003651172 524
1743820964167 0.8252352197725039 525
1743820977632 0.8276225249262744 526
1743820991142 0.8279033843561298 527
1743821004582 0.8295885409352619 528
1743821018558 0.8305715489397556 529
1743821032587 0.8284651032158404 530
1743821046134 0.8295183260777981 531
1743821060070 0.8286055329307681 532
1743821073775 0.8286757477882319 533
1743821087639 0.8301502597949726 534
1743821101472 0.8328886392360624 535
1743821115517 0.8305013340822918 536
1743821129258 0.8289566072180874 537
1743821142950 0.8300098300800449 538
1743821156276 0.8286055329307681 539
1743821169634 0.8302204746524364 540
1743821183374 0.8286757477882319 541
1743821197060 0.8300098300800449 542
1743821210797 0.8273416654964191 543
1743821224672 0.8326779946636709 544
1743821238465 0.8303609043673641 545
1743821252409 0.8311332677994664 546
1743821266181 0.8297289706501896 547
1743821279871 0.8302204746524364 548
1743821293367 0.8316949866591771 549
1743821307059 0.8318354163741047 550
1743821320580 0.8325375649487432 551
1743821334241 0.8325375649487432 552
1743821347986 0.8316247718017132 553
1743821361671 0.8333801432383092 554
1743821375286 0.8331694986659177 555
1743821388965 0.8340120769554837 556
1743821402685 0.8312736975143941 557
1743821416431 0.8345035809577307 558
1743821430072 0.8325375649487432 559
1743821443945 0.8323269203763516 560
1743821457957 0.834363151242803 561
1743821471855 0.8351355146749052 562
1743821485832 0.8338716472405561 563
1743821499763 0.8335205729532369 564
1743821513651 0.8333801432383092 565
1743821527357 0.83302906895099 566
1743821541225 0.8330992838084539 567
1743821554930 0.8331694986659177 568
1743821568750 0.8327482095211347 569
1743821582545 0.8335205729532369 570
1743821596450 0.8345737958151945 571
1743821610353 0.8329588540935262 572
1743821624307 0.834784440387586 573
1743821638015 0.8329588540935262 574
1743821651656 0.8348546552450499 575
1743821665072 0.8349248701025137 576
1743821678568 0.8342929363853392 577
1743821692028 0.8342227215278752 578
1743821705719 0.8338716472405561 579
1743821719097 0.8356972335346159 580
1743821732654 0.83302906895099 581
1743821746169 0.8358376632495436 582
1743821760036 0.8332397135233816 583
1743821773717 0.8358376632495436 584
1743821787163 0.8357674483920797 585
1743821800693 0.834784440387586 586
1743821814045 0.8350652998174414 587
1743821827540 0.8326779946636709 588
1743821841067 0.8336610026681646 589
1743821854578 0.8359078781070074 590
1743821867939 0.8357674483920797 591
1743821881708 0.8368206712540374 592
1743821895090 0.8355568038196882 593
1743821909043 0.8373121752562842 594
1743821922863 0.8363993821092544 595
1743821936540 0.8356972335346159 596
1743821950312 0.8362589523943267 597
1743821964025 0.8355568038196882 598
1743821978008 0.8355568038196882 599
1743821991857 0.8371717455413565 600
1743822005861 0.8359780929644712 601
1743822019680 0.8370313158264289 602
1743822033574 0.8359078781070074 603
1743822047304 0.8354163741047606 604
1743822061293 0.836539811824182 605
1743822075042 0.836118522679399 606
1743822088787 0.8347142255301222 607
1743822102812 0.8363993821092544 608
1743822116233 0.8371717455413565 609
1743822129867 0.8389973318354164 610
1743822143866 0.836961100968965 611
1743822157842 0.8366802415391097 612
1743822171815 0.8384356129757057 613
1743822185464 0.8375228198286757 614
1743822199255 0.838716472405561 615
1743822213182 0.8355568038196882 616
1743822227012 0.8401909844123017 617
1743822240408 0.8393484061227355 618
1743822253984 0.8401909844123017 619
1743822267387 0.8381547535458503 620
1743822280904 0.837873894115995 621
1743822294294 0.8394888358376632 622
1743822307866 0.8408229181294762 623
1743822321387 0.8371717455413565 624
1743822334799 0.8384356129757057 625
1743822348095 0.8399101249824463 626
1743822361478 0.8390675466928802 627
1743822374924 0.8374526049712119 628
1743822388212 0.839559050695127 629
1743822401743 0.8383653981182418 630
1743822415348 0.8406824884145485 631
1743822429024 0.8387866872630249 632
1743822442588 0.84089313298694 633
1743822456065 0.8393484061227355 634
1743822469189 0.8401207695548378 635
1743822482664 0.8407527032720123 636
1743822496149 0.84089313298694 637
1743822509690 0.8411739924167954 638
1743822523202 0.8425080747086083 639
1743822536718 0.8377334644010672 640
1743822550355 0.8411739924167954 641
1743822563934 0.84089313298694 642
1743822577351 0.8410335627018677 643
1743822590577 0.8415952815615785 644
1743822604020 0.842227215278753 645
1743822617183 0.8403314141272293 646
1743822630538 0.8415250667041146 647
1743822643939 0.8429293638533913 648
1743822657349 0.8415952815615785 649
1743822670810 0.8410335627018677 650
1743822684207 0.8431400084257828 651
1743822698025 0.84089313298694 652
1743822711833 0.84180592613397 653
1743822725484 0.8429995787108552 654
1743822739099 0.84089313298694 655
1743822752933 0.8427187192809998 656
1743822766393 0.8405420586996208 657
1743822780186 0.8413846369891869 658
1743822794080 0.8433506529981745 659
1743822808108 0.8422974301362168 660
1743822821745 0.8422974301362168 661
1743822835672 0.8415952815615785 662
1743822849435 0.8437017272854936 663
1743822863062 0.8432102232832467 664
1743822876779 0.8436315124280298 665
1743822890470 0.8420165707063615 666
1743822904404 0.842648504423536 667
1743822918264 0.8432102232832467 668
1743822932099 0.8429995787108552 669
1743822946066 0.8441230164302767 670
1743822960215 0.8440528015728128 671
1743822974093 0.8424378598511445 672
1743822987952 0.844403875860132 673
1743823001578 0.844403875860132 674
1743823015421 0.8447549501474512 675
1743823029431 0.8438421570004213 676
1743823042951 0.8428591489959275 677
1743823056841 0.8433506529981745 678
1743823070487 0.8444740907175958 679
1743823084433 0.842227215278753 680
1743823098459 0.8438421570004213 681
1743823112204 0.844403875860132 682
1743823126065 0.844825165004915 683
1743823139757 0.8454570987220896 684
1743823153567 0.8454570987220896 685
1743823167288 0.8451762392922343 686
1743823181319 0.8459486027243365 687
1743823195090 0.8455273135795535 688
1743823208619 0.8455975284370173 689
1743823222520 0.8455975284370173 690
1743823236356 0.8450358095773065 691
1743823250477 0.8462294621541918 692
1743823264187 0.8449655947198427 693
1743823277994 0.8459486027243365 694
1743823291606 0.8453868838646258 695
1743823305407 0.8449655947198427 696
1743823319337 0.8462294621541918 697
1743823333248 0.8454570987220896 698
1743823347110 0.844825165004915 699
1743823360822 0.8470018255862941 700
1743823374799 0.8444740907175958 701
1743823388562 0.8463698918691195 702
1743823402378 0.8472124701586856 703
1743823416109 0.8441932312877405 704
1743823429793 0.846159247296728 705
1743823443489 0.8458783878668726 706
1743823456953 0.8460188175818003 707
1743823470636 0.8462294621541918 708
1743823484462 0.845737958151945 709
1743823498207 0.846159247296728 710
1743823511910 0.8460188175818003 711
1743823525280 0.8445443055750597 712
1743823538656 0.8460890324392641 713
1743823552593 0.8452464541496981 714
1743823566484 0.8453868838646258 715
1743823580281 0.845737958151945 716
1743823594079 0.846159247296728 717
1743823607883 0.8463698918691195 718
1743823621832 0.8460890324392641 719
1743823635638 0.8474231147310771 720
1743823649252 0.8460890324392641 721
1743823663128 0.8467209661564387 722
1743823676955 0.846159247296728 723
1743823690927 0.8472826850161495 724
1743823704938 0.8460890324392641 725
1743823718798 0.8459486027243365 726
1743823732570 0.8463698918691195 727
1743823746420 0.8467209661564387 728
1743823759907 0.8479848335907878 729
1743823773449 0.8467209661564387 730
1743823787083 0.8469316107288303 731
1743823800892 0.8453868838646258 732
1743823814784 0.8462996770116556 733
1743823828557 0.8471422553012218 734
1743823842285 0.847914618733324 735
1743823855645 0.8470018255862941 736
1743823869721 0.8473528998736133 737
1743823883504 0.847914618733324 738
1743823897394 0.8481252633057155 739
1743823911187 0.8479848335907878 740
1743823925136 0.8475635444460048 741
1743823938899 0.8488976267378178 742
1743823952584 0.8499508495997753 743
1743823966383 0.8481954781631793 744
1743823980190 0.8476337593034686 745
1743823994082 0.8484061227355708 746
1743824008186 0.8485465524504985 747
1743824021715 0.84966999016992 748
1743824035283 0.8476337593034686 749
1743824048881 0.8484061227355708 750
1743824062342 0.8475635444460048 751
1743824076164 0.8478444038758601 752
1743824089669 0.8474231147310771 753
1743824103305 0.8485465524504985 754
1743824116890 0.8491784861676731 755
1743824130138 0.8479848335907878 756
1743824143828 0.8477039741609325 757
1743824157735 0.8490380564527454 758
1743824171262 0.847072040443758 759
1743824184822 0.8459486027243365 760
1743824198226 0.8477741890183963 761
1743824211582 0.8481954781631793 762
1743824224975 0.8484061227355708 763
1743824238397 0.84966999016992 764
1743824251948 0.848335907878107 765
1743824265403 0.8486869821654262 766
1743824278791 0.8494593455975284 767
1743824292262 0.848335907878107 768
1743824305739 0.8487571970228901 769
1743824319186 0.8486869821654262 770
1743824332772 0.8505827833169499 771
1743824346395 0.8498806347423115 772
1743824359771 0.8498806347423115 773
1743824373049 0.8465103215840472 774
1743824386497 0.8474231147310771 775
1743824400288 0.8484763375930346 776
1743824414080 0.8484061227355708 777
1743824427915 0.8486869821654262 778
1743824441723 0.8495997753124561 779
1743824455428 0.8491082713102093 780
1743824469039 0.8479848335907878 781
1743824482705 0.8490380564527454 782
1743824496480 0.8484061227355708 783
1743824510275 0.8502317090296306 784
1743824523910 0.8492487010251369 785
1743824537792 0.8485465524504985 786
1743824551667 0.8472826850161495 787
1743824565703 0.8497402050273838 788
1743824579609 0.8493891307400646 789
1743824593365 0.8488274118803539 790
1743824607218 0.8488274118803539 791
1743824620929 0.8494593455975284 792
1743824634689 0.8481252633057155 793
1743824648650 0.8489678415952816 794
1743824662500 0.8481954781631793 795
1743824676218 0.8490380564527454 796
1743824690266 0.8497402050273838 797
1743824703976 0.8502317090296306 798
1743824717802 0.8486167673079623 799
1743824731436 0.8469316107288303 800
1743824745062 0.8490380564527454 801
1743824759298 0.8510040724617329 802
1743824773020 0.8490380564527454 803
1743824786642 0.8484061227355708 804
1743824799866 0.8508636427468053 805
1743824813104 0.8488274118803539 806
1743824826867 0.8512147170341244 807
1743824840533 0.8491082713102093 808
1743824854280 0.8512849318915883 809
1743824868147 0.8502317090296306 810
1743824882044 0.850512568459486 811
1743824895731 0.8497402050273838 812
1743824909445 0.8504423536020221 813
1743824923125 0.8506529981744138 814
1743824936946 0.8503721387445583 815
1743824950514 0.8500210644572391 816
1743824963985 0.8503019238870945 817
1743824978110 0.8485465524504985 818
1743824991855 0.8493891307400646 819
1743825005531 0.8501614941721668 820
1743825019229 0.8498806347423115 821
1743825033202 0.850512568459486 822
1743825047017 0.8482656930206431 823
1743825061094 0.8501614941721668 824
1743825074863 0.8502317090296306 825
1743825088746 0.8498806347423115 826
1743825102624 0.8508636427468053 827
1743825116234 0.8493189158826008 828
1743825129856 0.8503721387445583 829
1743825143402 0.8486167673079623 830
1743825157367 0.8490380564527454 831
1743825171221 0.8490380564527454 832
1743825184899 0.8485465524504985 833
1743825198590 0.8503019238870945 834
1743825212318 0.8498806347423115 835
1743825226654 0.8501614941721668 836
1743825240502 0.8509338576042691 837
1743825254373 0.8513551467490521 838
1743825268326 0.8514955764639798 839
1743825282055 0.8509338576042691 840
1743825295944 0.8504423536020221 841
1743825309779 0.8511445021766606 842
1743825323961 0.8507934278893414 843
1743825337876 0.8503019238870945 844
1743825351825 0.8486167673079623 845
1743825365695 0.8504423536020221 846
1743825379279 0.8503721387445583 847
1743825392935 0.8515657913214436 848
1743825406245 0.8503019238870945 849
1743825419608 0.852267939896082 850
1743825432904 0.8507232130318776 851
1743825446537 0.8513551467490521 852
1743825459826 0.850512568459486 853
1743825473400 0.8502317090296306 854
1743825486887 0.8512849318915883 855
1743825500258 0.852267939896082 856
1743825513876 0.850091279314703 857
1743825526976 0.8517764358938351 858
1743825540523 0.8512849318915883 859
1743825553987 0.851846650751299 860
1743825567592 0.8506529981744138 861
1743825581212 0.8516360061789074 862
1743825594606 0.8510040724617329 863
1743825608156 0.8525487993259374 864
1743825621703 0.8509338576042691 865
1743825635048 0.8524083696110097 866
1743825648534 0.8509338576042691 867
1743825661960 0.8498806347423115 868
1743825675339 0.8507232130318776 869
1743825688691 0.8499508495997753 870
1743825702294 0.8513551467490521 871
1743825715901 0.8515657913214436 872
1743825729369 0.8529700884707204 873
1743825742799 0.8514955764639798 874
1743825756371 0.8514253616065159 875
1743825770004 0.850512568459486 876
1743825783475 0.8495997753124561 877
1743825796936 0.8508636427468053 878
1743825810419 0.8521977250386181 879
1743825823984 0.8516360061789074 880
1743825837309 0.8511445021766606 881
1743825850750 0.8528998736132566 882
1743825864160 0.8507934278893414 883
1743825877915 0.8529700884707204 884
1743825891302 0.8507232130318776 885
1743825905001 0.8509338576042691 886
1743825918888 0.8528296587557928 887
1743825932596 0.8517062210363713 888
1743825946214 0.8530403033281843 889
1743825960464 0.8510742873191968 890
1743825974382 0.8524083696110097 891
1743825988003 0.8502317090296306 892
1743826001918 0.8538126667602864 893
1743826015748 0.8526892290408651 894
1743826029755 0.8532509479005758 895
1743826043421 0.8526190141834012 896
1743826057237 0.8519870804662266 897
1743826071170 0.8515657913214436 898
1743826085104 0.8534615924729673 899
1743826098961 0.8546552450498526 900
1743826112684 0.8503721387445583 901
1743826126466 0.8509338576042691 902
1743826140336 0.8536020221878949 903
1743826154014 0.8532509479005758 904
1743826167701 0.8538828816177503 905
1743826181676 0.8545148153349249 906
1743826195404 0.8548658896222441 907
1743826209371 0.8536020221878949 908
1743826223153 0.8521275101811543 909
1743826237028 0.8517062210363713 910
1743826250699 0.8498806347423115 911
1743826264352 0.8538828816177503 912
1743826278014 0.8514955764639798 913
1743826291780 0.8532509479005758 914
1743826305765 0.8533913776155034 915
1743826319811 0.8529700884707204 916
1743826333436 0.8537424519028226 917
1743826347264 0.8523381547535458 918
1743826361246 0.8550063193371717 919
1743826374930 0.8536722370453588 920
1743826388797 0.8536722370453588 921
1743826402748 0.8536722370453588 922
1743826416859 0.851846650751299 923
1743826430878 0.8511445021766606 924
1743826444811 0.8546552450498526 925
1743826458611 0.8531105181856481 926
1743826472433 0.8540935261901418 927
1743826486262 0.8531807330431119 928
1743826499940 0.8526892290408651 929
1743826513651 0.8525487993259374 930
1743826527468 0.8537424519028226 931
1743826541426 0.8541637410476056 932
1743826555302 0.8541637410476056 933
1743826569123 0.8541637410476056 934
1743826582810 0.8544446004774611 935
1743826596572 0.8537424519028226 936
1743826610416 0.8536020221878949 937
1743826624130 0.8537424519028226 938
1743826637831 0.8543041707625334 939
1743826651795 0.8531105181856481 940
1743826665639 0.8543041707625334 941
1743826679562 0.8550063193371717 942
1743826693176 0.8514955764639798 943
1743826706895 0.8552871787670271 944
1743826720472 0.852267939896082 945
1743826734019 0.8536020221878949 946
1743826747842 0.8548658896222441 947
1743826761574 0.8536020221878949 948
1743826775497 0.8536020221878949 949
1743826789376 0.8551467490520994 950
1743826803354 0.8529700884707204 951
1743826817006 0.8521275101811543 952
1743826830975 0.8536722370453588 953
1743826844901 0.8526190141834012 954
1743826858613 0.8528296587557928 955
1743826872400 0.8531807330431119 956
1743826886197 0.8533913776155034 957
1743826900029 0.8526190141834012 958
1743826913842 0.8530403033281843 959
1743826927338 0.8526190141834012 960
1743826940839 0.8536020221878949 961
1743826954219 0.8524083696110097 962
1743826967547 0.8524083696110097 963
1743826981015 0.8508636427468053 964
1743826994936 0.8531105181856481 965
1743827008833 0.8523381547535458 966
1743827022675 0.8530403033281843 967
1743827036485 0.8521275101811543 968
1743827050345 0.8538828816177503 969
1743827063978 0.8528998736132566 970
1743827077844 0.8521275101811543 971
1743827091540 0.8515657913214436 972
1743827105308 0.8547956747647802 973
1743827119253 0.8543743856199972 974
1743827133297 0.8553573936244909 975
1743827147129 0.8530403033281843 976
1743827160796 0.8541637410476056 977
1743827174195 0.8525487993259374 978
1743827187696 0.8539530964752141 979
1743827201743 0.8538828816177503 980
1743827215970 0.8545850301923887 981
1743827229746 0.8550063193371717 982
1743827243359 0.8540935261901418 983
1743827257151 0.8513551467490521 984
1743827270464 0.8526190141834012 985
1743827284000 0.8531807330431119 986
1743827297567 0.8538126667602864 987
1743827311090 0.8535318073304311 988
1743827324873 0.8503721387445583 989
1743827338734 0.8541637410476056 990
1743827352484 0.8516360061789074 991
1743827366314 0.851846650751299 992
1743827380407 0.8541637410476056 993
1743827394350 0.8556382530543463 994
1743827408091 0.8529700884707204 995
1743827422061 0.8561297570565932 996
1743827435769 0.8545148153349249 997
1743827449176 0.8554978233394186 998
1743827462722 0.8538828816177503 999
1743827476417 0.8541637410476056 1000
