1743813772316 2.7937731319242967 0
1743813786061 2.472370550454325 1
1743813799891 2.6176118380871283 2
1743813813540 2.45997775581492 3
1743813826907 2.4448811354530346 4
1743813840488 2.4370952991808332 5
1743813854159 2.3292079195786886 6
1743813867971 2.331980628346221 7
1743813881629 2.3374915112889063 8
1743813895368 2.346572943467913 9
1743813909058 2.3548755246817046 10
1743813923182 2.3731790151206558 11
1743813936700 2.3817412342568383 12
1743813950373 2.371595587946703 13
1743813963646 2.358610631583573 14
1743813976754 2.341127562159404 15
1743813990061 2.3238692269719254 16
1743814003722 2.328691815827361 17
1743814017469 2.3391779432542665 18
1743814031294 2.329884158562025 19
1743814045187 2.3269954413405567 20
1743814059317 2.3242815001500476 21
1743814073273 2.3289344173893065 22
1743814086921 2.32238401447607 23
1743814100767 2.3044133575402834 24
1743814114187 2.300518782264922 25
1743814127812 2.2990058993476494 26
1743814141601 2.274945089086938 27
1743814155400 2.2701489937500656 28
1743814169285 2.237882660132174 29
1743814183012 2.1427393552836516 30
1743814196764 1.963846059050148 31
1743814210550 1.9202222856855113 32
1743814224132 1.9957656876506407 33
1743814238043 1.8791074710849895 34
1743814251921 1.694598882678043 35
1743814265810 1.6064762933295078 36
1743814279550 1.577019179695276 37
1743814293268 1.5931461378833836 38
1743814306994 1.5871478143932902 39
1743814320468 1.5948489058742454 40
1743814334541 1.6134248133009041 41
1743814348200 1.609024988646878 42
1743814361795 1.5914382566374483 43
1743814375672 1.5512462173189436 44
1743814389580 1.516657985268666 45
1743814403258 1.4975965970455085 46
1743814417182 1.4740788771700952 47
1743814431133 1.4355490293606916 48
1743814444937 1.4167384794600688 49
1743814458771 1.4029204967038547 50
1743814472333 1.3817348783352315 51
1743814486109 1.3678231959219103 52
1743814499987 1.3554669084374837 53
1743814514046 1.3481940472280824 54
1743814527709 1.3307861713238542 55
1743814541529 1.3293025546237256 56
1743814555515 1.3143262053846347 57
1743814569278 1.3050575441903995 58
1743814583166 1.2998792778720925 59
1743814596737 1.2985791815060939 60
1743814610401 1.2899590371221825 61
1743814624260 1.2834669023656855 62
1743814638365 1.2730219011115598 63
1743814651900 1.2608736269715903 64
1743814665524 1.260160417099491 65
1743814679060 1.2520148396806126 66
1743814692657 1.2495196474354617 67
1743814706123 1.2237122539138472 68
1743814719636 1.225968058334105 69
1743814733228 1.225944748587602 70
1743814746749 1.2175693617305938 71
1743814760145 1.2095558822839336 72
1743814773397 1.2065538128688245 73
1743814786787 1.2054013116265923 74
1743814800423 1.2051192285559977 75
1743814814193 1.199529789440066 76
1743814827850 1.1987696961788454 77
1743814841816 1.1988552345095125 78
1743814855422 1.1969287035190608 79
1743814869183 1.1965715429012371 80
1743814883009 1.1841771371302219 81
1743814897076 1.1816416275315023 82
1743814910792 1.1765884536819988 83
1743814924628 1.169361585426887 84
1743814938510 1.1779773685525148 85
1743814952264 1.1595848217177431 86
1743814965965 1.161516992369996 87
1743814979876 1.162373749702277 88
1743814993592 1.1634601869983412 89
1743815007360 1.1621599512855907 90
1743815021060 1.1506294700782131 91
1743815034717 1.1534132607773426 92
1743815048306 1.1339447891198375 93
1743815062021 1.1211029401488297 94
1743815075716 1.1054812272950663 95
1743815089318 1.088747115827832 96
1743815102973 1.0983486111478664 97
1743815116593 1.104687714933474 98
1743815130087 1.0963727047545255 99
1743815143403 1.1150158327469017 100
1743815156698 1.1145346071813014 101
1743815170335 1.1158405932894584 102
1743815183986 1.1066609530850091 103
1743815197618 1.0908666735603696 104
1743815211801 1.1011042228060075 105
1743815225462 1.0913055768888953 106
1743815239118 1.0938127682569359 107
1743815252706 1.089241681407675 108
1743815266671 1.0920142929095815 109
1743815280521 1.0740646469700748 110
1743815294182 1.0620934449075956 111
1743815308052 1.0621863664845703 112
1743815321925 1.0670297843418663 113
1743815335543 1.068723005907876 114
1743815349299 1.0519184879264476 115
1743815363189 1.0412027219157198 116
1743815377160 1.051689596021779 117
1743815391105 1.053001931813978 118
1743815405022 1.0306538946768131 119
1743815418960 1.0200332142012998 120
1743815432742 1.017394938184877 121
1743815446571 1.0404183280494912 122
1743815460190 1.0286164472898744 123
1743815474055 1.019967892368298 124
1743815487792 1.0001843923984355 125
1743815501801 1.00006434342158 126
1743815515511 0.9912945772157469 127
1743815529362 1.0002517273662546 128
1743815543387 0.987414185209461 129
1743815556955 0.9887504273948081 130
1743815570510 0.9885970503119859 131
1743815583903 0.9820579377895422 132
1743815597177 0.9764684131090282 133
1743815610666 0.9716417005220062 134
1743815624053 0.9647286074457253 135
1743815637438 0.9691319745654511 136
1743815650986 0.9612659960620578 137
1743815664373 0.9618325183199956 138
1743815677964 0.9507645579486519 139
1743815691362 0.9530964751836384 140
1743815704643 0.9374245871612183 141
1743815718233 0.941616142102381 142
1743815731521 0.9307289017967735 143
1743815744927 0.9230193070115151 144
1743815758309 0.9249682314378403 145
1743815771520 0.9205884175764601 146
1743815784959 0.9164139380646632 147
1743815798171 0.9197410711366175 148
1743815811661 0.916856543595522 149
1743815824978 0.914239649278575 150
1743815838608 0.9002367008401022 151
1743815852069 0.8940150443441379 152
1743815865564 0.8943009501894202 153
1743815878962 0.8992671423907023 154
1743815892491 0.9000334129895774 155
1743815906171 0.8866689749946932 156
1743815919621 0.8851436286261587 157
1743815933632 0.878725734374381 158
1743815947528 0.8818328623889015 159
1743815961299 0.8767550795816016 160
1743815975216 0.8774066963410975 161
1743815988471 0.8686662358728793 162
1743816002109 0.8652812591435747 163
1743816015742 0.8574361366509224 164
1743816029470 0.8598966769959638 165
1743816043303 0.853329275983461 166
1743816057036 0.847740436209453 167
1743816070893 0.8433961787119258 168
1743816084765 0.8367209924259092 169
1743816098700 0.831874225315975 170
1743816112481 0.8358751283150462 171
1743816126373 0.83067210758364 172
1743816140296 0.8293762119399632 173
1743816154199 0.8289075495172822 174
1743816168028 0.8252666116478796 175
1743816181517 0.8178502210669546 176
1743816195000 0.8110219411749681 177
1743816208533 0.8152590288831288 178
1743816222068 0.8097968325404523 179
1743816235690 0.8112298476702745 180
1743816249456 0.8110811748886689 181
1743816263254 0.8037332815899758 182
1743816276867 0.8034904379753122 183
1743816290595 0.7975584289920424 184
1743816304353 0.791649981932818 185
1743816318113 0.786177476978467 186
1743816331802 0.7879195035768839 187
1743816345676 0.7815431795219188 188
1743816359484 0.7766842932208781 189
1743816373199 0.7729721170461478 190
1743816386616 0.7683579615435957 191
1743816400333 0.7655553846107647 192
1743816414194 0.7685564893734151 193
1743816427778 0.7673202528525898 194
1743816441494 0.771538855172813 195
1743816455479 0.7698744040420085 196
1743816469409 0.7647161630339712 197
1743816483006 0.759199051136309 198
1743816496645 0.7586566202914661 199
1743816509992 0.7606937480056558 200
1743816523138 0.7551078072423212 201
1743816536900 0.7494054598246123 202
1743816550670 0.7509256586577598 203
1743816564382 0.7409671151029981 204
1743816578009 0.7375451615772638 205
1743816591624 0.7380934101752916 206
1743816605375 0.7348047608561196 207
1743816619312 0.7355811745792546 208
1743816633073 0.7351469969439676 209
1743816646900 0.73153196743297 210
1743816660587 0.7323617009127346 211
1743816674598 0.7312966970449537 212
1743816688538 0.7315503807225521 213
1743816702515 0.7258196843676893 214
1743816716428 0.7298459765572664 215
1743816730371 0.7213276050709302 216
1743816744553 0.7193194872054781 217
1743816758260 0.7102141076365496 218
1743816772159 0.7122341497236281 219
1743816786039 0.7092481174097993 220
1743816799852 0.7153470682889312 221
1743816813769 0.710552787387899 222
1743816827313 0.7077986362181449 223
1743816841310 0.7063963595239956 224
1743816855047 0.7051800179426535 225
1743816868779 0.703848784409061 226
1743816882551 0.7032372365670084 227
1743816896310 0.6971441368792755 228
1743816910017 0.7027132075371804 229
1743816923815 0.6965931017707655 230
1743816937499 0.6973763426316002 231
1743816951433 0.6944744576472679 232
1743816964875 0.6921494477701073 233
1743816978138 0.693152655317991 234
1743816992152 0.6910717746426236 235
1743817006042 0.6939171511664463 236
1743817020049 0.690642581782841 237
1743817033790 0.6862597754268958 238
1743817047649 0.6791137466941617 239
1743817061547 0.6870935483094681 240
1743817075248 0.6842485924356377 241
1743817089325 0.6787388378359152 242
1743817103186 0.6784453655680918 243
1743817116938 0.6804994556533287 244
1743817130703 0.6790110626318081 245
1743817144421 0.6716177307175177 246
1743817158287 0.6696075768249083 247
1743817171934 0.6697473315427067 248
1743817185614 0.6698294071606491 249
1743817199544 0.6733983645607231 250
1743817213428 0.6649358275262494 251
1743817227216 0.6624607534696285 252
1743817240982 0.6599232687271462 253
1743817254799 0.6569136134435579 254
1743817268408 0.653017010434946 255
1743817281906 0.6560604605023025 256
1743817295678 0.6551955505038469 257
1743817309104 0.6584584306611413 258
1743817322874 0.6533195138815142 259
1743817336182 0.6512413777785406 260
1743817349667 0.6480353683343344 261
1743817363167 0.6487813953479583 262
1743817376603 0.6444519207406696 263
1743817390098 0.6395532086373439 264
1743817403638 0.6410677445186143 265
1743817416978 0.6385664965330036 266
1743817430476 0.6422905643766301 267
1743817443858 0.6413497787460464 268
1743817457203 0.6361978828630754 269
1743817470507 0.6361699547140433 270
1743817483858 0.6392480099421929 271
1743817497408 0.6367359903879266 272
1743817510704 0.6383647046116953 273
1743817523986 0.6349512563461643 274
1743817537487 0.6317990038965691 275
1743817551099 0.6275729655968115 276
1743817564678 0.6294625658161886 277
1743817578167 0.6291297469358227 278
1743817591560 0.6271203751177081 279
1743817605164 0.6331207060289993 280
1743817618635 0.6228740612919984 281
1743817632524 0.627110559561141 282
1743817646569 0.6243878627099895 283
1743817660349 0.6259033643412173 284
1743817674370 0.6235466387379496 285
1743817688204 0.6240077699491999 286
1743817702189 0.6248952041562585 287
1743817715911 0.6216662728060973 288
1743817729958 0.6189406149237633 289
1743817743623 0.6152550161393903 290
1743817757146 0.6143847477338183 291
1743817770758 0.6199171950973313 292
1743817784124 0.6198719535578647 293
1743817797609 0.6173815083699278 294
1743817811094 0.610851160309502 295
1743817824699 0.6144137875117893 296
1743817838279 0.6118884941921656 297
1743817851496 0.6074779542750591 298
1743817864920 0.6080511599728645 299
1743817878376 0.6053026852565355 300
1743817891669 0.6069501314870347 301
1743817905281 0.6093475185101545 302
1743817918884 0.6048102158058835 303
1743817932753 0.6062772879807348 304
1743817946476 0.6036346802689029 305
1743817960125 0.602152728766789 306
1743817973912 0.6017381040136276 307
1743817987866 0.6008849303305932 308
1743818001743 0.6010431065055831 309
1743818015555 0.6025810051992859 310
1743818029356 0.6035098776549246 311
1743818042569 0.6007416034551187 312
1743818056042 0.5999252591283882 313
1743818069346 0.5993499053842336 314
1743818083000 0.598196389097156 315
1743818096872 0.5952394789778245 316
1743818110686 0.5991892452926179 317
1743818124454 0.5911377027929502 318
1743818138182 0.5970923093773541 319
1743818151585 0.5912298404951888 320
1743818165083 0.590616476564913 321
1743818178585 0.5953343009810916 322
1743818192116 0.5901280444425842 323
1743818205498 0.5990169358599434 324
1743818219330 0.5874732636420907 325
1743818233232 0.5884381448028796 326
1743818247131 0.5883852872549127 327
1743818260811 0.5876474418349069 328
1743818274746 0.5864566810863906 329
1743818288819 0.5863763093007927 330
1743818302838 0.5837361962578661 331
1743818316558 0.5846799065055858 332
1743818330750 0.586885362656434 333
1743818344541 0.5799230344716404 334
1743818358395 0.5793926404519493 335
1743818372196 0.5822851966657923 336
1743818386092 0.5821197427164693 337
1743818400047 0.5803551296060199 338
1743818413528 0.5828756815490064 339
1743818427291 0.5791385611010873 340
1743818441154 0.5783434882561093 341
1743818455016 0.5818550202886157 342
1743818468911 0.5779009818267455 343
1743818482739 0.5796563584767156 344
1743818496398 0.5758653951088538 345
1743818510309 0.5778711980272561 346
1743818524108 0.5728999002795977 347
1743818537874 0.5730393568532212 348
1743818551421 0.57284765540805 349
1743818565309 0.5684439527623197 350
1743818579137 0.5724825949440367 351
1743818592903 0.5676387370572896 352
1743818606734 0.5721312082812061 353
1743818620472 0.5719474138098748 354
1743818634252 0.5695614913845641 355
1743818648157 0.5730466821094046 356
1743818661830 0.5627940565048537 357
1743818675606 0.5675254846195068 358
1743818689497 0.5651499614283952 359
1743818703189 0.5670044742147397 360
1743818716664 0.5612758524581715 361
1743818730472 0.5670778483765734 362
1743818744213 0.561791018543922 363
1743818758254 0.5634107278137922 364
1743818771773 0.5615760033644589 365
1743818785398 0.5606963366291363 366
1743818799151 0.5599214617231657 367
1743818812974 0.5635711354934136 368
1743818826604 0.5573206789206199 369
1743818840481 0.5570312314932374 370
1743818854357 0.554789928996011 371
1743818868323 0.5582042391932225 372
1743818882099 0.5582026319585565 373
1743818895880 0.5543464308106946 374
1743818909557 0.5537248965770054 375
1743818923221 0.5534768109640614 376
1743818936842 0.5537755844985575 377
1743818950652 0.5513820735170483 378
1743818964637 0.5517996741713734 379
1743818978445 0.5551084097246585 380
1743818992106 0.550942963531891 381
1743819005954 0.5511910658180377 382
1743819019830 0.5488154270206174 383
1743819033531 0.5491126684780959 384
1743819046961 0.5503676953538744 385
1743819060668 0.5468598204548011 386
1743819074462 0.5499726473635146 387
1743819088249 0.5443778444231769 388
1743819102132 0.5442729775037293 389
1743819116132 0.5457416379996242 390
1743819129744 0.5436149498549182 391
1743819143554 0.5430216545106045 392
1743819157278 0.5422001127721578 393
1743819171511 0.542810368735088 394
1743819185430 0.5440883286146658 395
1743819199188 0.5393380835266185 396
1743819213073 0.5445071816760447 397
1743819226936 0.5411535156336391 398
1743819240407 0.5463839550800593 399
1743819253679 0.5393619384333869 400
1743819267038 0.5403581631671652 401
1743819280811 0.5407182263021671 402
1743819294466 0.539380389671099 403
1743819308227 0.5417961866321221 404
1743819321758 0.5372659582293242 405
1743819335393 0.537105399795082 406
1743819348800 0.5351413252852345 407
1743819362081 0.5359218540381026 408
1743819375391 0.5378782288470442 409
1743819388914 0.5394470505319764 410
1743819402324 0.5347413931562198 411
1743819415688 0.5365835221780721 412
1743819429146 0.5360875944306993 413
1743819442673 0.5357254512727732 414
1743819456066 0.5359225279669813 415
1743819469448 0.5310401953617233 416
1743819483317 0.5327002626556316 417
1743819496960 0.530426309611282 418
1743819510677 0.5299274447210718 419
1743819524480 0.5304638185896297 420
1743819538361 0.5318195267344069 421
1743819552062 0.5255385468159011 422
1743819565692 0.532545343449016 423
1743819579513 0.5277386267072238 424
1743819593364 0.5266574530531803 425
1743819607102 0.5277199982597663 426
1743819620671 0.5251425595551066 427
1743819634373 0.5253734123699079 428
1743819647988 0.5241530225650239 429
1743819661678 0.5233876629420947 430
1743819675419 0.5298410561816574 431
1743819689441 0.5248228322913348 432
1743819703486 0.5217426619157007 433
1743819717167 0.5233355413115689 434
1743819730975 0.5176148968421282 435
1743819744863 0.5218696154116496 436
1743819758868 0.5207150648152803 437
1743819772613 0.5220380781185258 438
1743819786629 0.5218520210757331 439
1743819800497 0.520942225098119 440
1743819814323 0.5224633572890716 441
1743819828214 0.5170949462015212 442
1743819842185 0.5191551165787557 443
1743819855991 0.5155389313813606 444
1743819869833 0.5158485261204844 445
1743819883399 0.5149197605002253 446
1743819897419 0.5180775202766197 447
1743819911080 0.5127678063393917 448
1743819925045 0.5114376399099968 449
1743819938889 0.5187310836925692 450
1743819952566 0.5132815419747347 451
1743819966266 0.5141438166701829 452
1743819979959 0.5130303335233573 453
1743819993636 0.5115309343053306 454
1743820007284 0.5120706296427601 455
1743820021239 0.5097244563083807 456
1743820034949 0.5147317651522392 457
1743820048959 0.5093801442230741 458
1743820062429 0.5139229758685779 459
1743820075852 0.5101462192244226 460
1743820089208 0.51226322082598 461
1743820102680 0.5101464668058548 462
1743820116188 0.5083723963161522 463
1743820129446 0.5059539553542232 464
1743820142905 0.5092977241042792 465
1743820156496 0.5081634888845817 466
1743820170105 0.5060849900519855 467
1743820184053 0.5077586019944328 468
1743820197744 0.5049810936796215 469
1743820211446 0.5135145512405214 470
1743820225067 0.5060124157806497 471
1743820238887 0.5078005812685622 472
1743820252556 0.5031859217250146 473
1743820266227 0.5021303054896258 474
1743820279994 0.5037087631905427 475
1743820293653 0.5010999490061773 476
1743820307059 0.5058050190672487 477
1743820320728 0.5042789153572496 478
1743820334215 0.500997922441314 479
1743820347601 0.5004300171739543 480
1743820360990 0.5001448271687208 481
1743820374482 0.50370581114065 482
1743820387727 0.4997668718035547 483
1743820401158 0.49937440655695775 484
1743820414625 0.5030757429862277 485
1743820428216 0.4979770960087556 486
1743820441451 0.49861729754055784 487
1743820455367 0.4956077142509171 488
1743820469309 0.4966531488888309 489
1743820482834 0.49733275018041284 490
1743820496707 0.4950282619666584 491
1743820510616 0.497300251698388 492
1743820524180 0.4926726402469802 493
1743820537804 0.49365323393898564 494
1743820551577 0.49475036415504337 495
1743820565464 0.4960005547300121 496
1743820579354 0.4949875382083297 497
1743820592936 0.4943763425931914 498
1743820606922 0.49162063719606036 499
1743820620924 0.4899081893290456 500
1743820634442 0.4896701943874859 501
1743820648034 0.48949916454402104 502
1743820661998 0.49240106676399453 503
1743820676048 0.4882314352880245 504
1743820689826 0.488272522881686 505
1743820703473 0.4920624258964089 506
1743820717075 0.4911458699222242 507
1743820731081 0.4894380287016864 508
1743820744841 0.4936181621647394 509
1743820758558 0.48833791354234907 510
1743820772616 0.4903745703103947 511
1743820786929 0.4878737187921499 512
1743820800885 0.4939313199259329 513
1743820814483 0.48932769155899997 514
1743820828089 0.48652674808417773 515
1743820841928 0.48580916418026143 516
1743820855340 0.48390973047646724 517
1743820869041 0.4832352075917891 518
1743820882571 0.48512315934393196 519
1743820895931 0.4843745667061655 520
1743820909375 0.48235328761877294 521
1743820923314 0.4839875556085695 522
1743820937177 0.48313918678189915 523
1743820950613 0.4814615124087928 524
1743820964168 0.4863461690978134 525
1743820977632 0.48167440559916924 526
1743820991142 0.4804020293458426 527
1743821004583 0.483291079650013 528
1743821018559 0.47952277459033704 529
1743821032588 0.4796779033568626 530
1743821046135 0.47953222754025365 531
1743821060070 0.48521604877194346 532
1743821073776 0.47780265563513546 533
1743821087639 0.4778907809783516 534
1743821101473 0.4766684988220228 535
1743821115518 0.47892905250785545 536
1743821129258 0.4758453541076228 537
1743821142951 0.47667884383687037 538
1743821156277 0.4782580491751048 539
1743821169634 0.47649448691843377 540
1743821183374 0.475222143683085 541
1743821197060 0.47305205409907763 542
1743821210798 0.47800062892214146 543
1743821224673 0.4744897562784991 544
1743821238466 0.4743874751019605 545
1743821252410 0.4757695496575422 546
1743821266182 0.47411014122334294 547
1743821279872 0.4746634343400768 548
1743821293368 0.47272905445561236 549
1743821307060 0.4730392164265895 550
1743821320580 0.4736291159621935 551
1743821334241 0.471919124572888 552
1743821347986 0.47414894957043696 553
1743821361671 0.47109334848663137 554
1743821375287 0.47102062663792243 555
1743821388966 0.47009536952015146 556
1743821402686 0.4691080798624894 557
1743821416432 0.46742477701703244 558
1743821430073 0.47210153250076353 559
1743821443945 0.46910577414554444 560
1743821457958 0.4702079013052029 561
1743821471855 0.4681009306030969 562
1743821485833 0.4688366570593299 563
1743821499763 0.46770956621089455 564
1743821513651 0.46878240696763473 565
1743821527357 0.469331273717042 566
1743821541226 0.4679479687189929 567
1743821554931 0.46683092776093205 568
1743821568750 0.4677684072703599 569
1743821582546 0.4664999078916061 570
1743821596451 0.46731089747960103 571
1743821610354 0.4694169319007337 572
1743821624307 0.46497636062785963 573
1743821638016 0.46798831353575326 574
1743821651656 0.4627577967294728 575
1743821665073 0.4629480156501105 576
1743821678569 0.4651298999925449 577
1743821692029 0.4625102852418651 578
1743821705720 0.46288474667053087 579
1743821719097 0.46311224897939396 580
1743821732655 0.4622734791569349 581
1743821746170 0.46302144516818017 582
1743821760037 0.4669742718800344 583
1743821773718 0.459398543132533 584
1743821787163 0.4583074493188611 585
1743821800694 0.4597268993110312 586
1743821814046 0.457855175402883 587
1743821827541 0.4609246266240633 588
1743821841068 0.4624296275994852 589
1743821854578 0.4593797319427047 590
1743821867940 0.462241591242901 591
1743821881709 0.45679588656737186 592
1743821895090 0.4603047981205644 593
1743821909043 0.45641441117811765 594
1743821922864 0.4577022525927886 595
1743821936540 0.4577986310874238 596
1743821950313 0.45774969613313465 597
1743821964025 0.4570399228844243 598
1743821978008 0.4578498628333902 599
1743821991858 0.45512204494383796 600
1743822005862 0.4571792171346406 601
1743822019680 0.4551599196902855 602
1743822033575 0.45644152113755676 603
1743822047305 0.4547964942438284 604
1743822061294 0.45612161397403617 605
1743822075042 0.4541759191829761 606
1743822088787 0.45319776272911155 607
1743822102813 0.4540800538632009 608
1743822116234 0.45346147951612703 609
1743822129868 0.45277211339664747 610
1743822143867 0.4542418957919836 611
1743822157842 0.45243665160230756 612
1743822171816 0.4541533368512244 613
1743822185465 0.45248717889362106 614
1743822199256 0.45186504124332943 615
1743822213183 0.45501611067969305 616
1743822227012 0.45057314757361716 617
1743822240408 0.4507471747040613 618
1743822253985 0.4522671484363684 619
1743822267388 0.4517608985081982 620
1743822280905 0.4488169640126512 621
1743822294294 0.45078855928575307 622
1743822307866 0.45069958804702315 623
1743822321387 0.45002199830012823 624
1743822334800 0.45052791705154166 625
1743822348095 0.4515324202497587 626
1743822361479 0.4494964740019756 627
1743822374924 0.449427015156394 628
1743822388212 0.44817652843172556 629
1743822401744 0.4485491800188508 630
1743822415349 0.4487916202946893 631
1743822429025 0.44899512143951575 632
1743822442588 0.4465780715171132 633
1743822456066 0.4468877708941622 634
1743822469189 0.44881159403537624 635
1743822482664 0.44535627679224365 636
1743822496149 0.4479384731711734 637
1743822509690 0.4469324241363293 638
1743822523202 0.4461458387438312 639
1743822536718 0.4448363888653297 640
1743822550356 0.4427216547643422 641
1743822563935 0.44771597427683246 642
1743822577352 0.44597602281023374 643
1743822590578 0.44614462472112 644
1743822604021 0.44450939792540134 645
1743822617184 0.44816373211725674 646
1743822630538 0.4425476489188719 647
1743822643940 0.4437466797604602 648
1743822657350 0.44201610326911933 649
1743822670810 0.4432603524724957 650
1743822684207 0.44174051630002936 651
1743822698025 0.44146731685170454 652
1743822711834 0.4405937384299139 653
1743822725484 0.44102369890588966 654
1743822739100 0.4393815306224753 655
1743822752934 0.44034239098119204 656
1743822766394 0.4442912956411802 657
1743822780186 0.4372680018691444 658
1743822794080 0.43805431132558426 659
1743822808109 0.44204643782126596 660
1743822821745 0.44021519761497574 661
1743822835673 0.44222286861802107 662
1743822849436 0.43915466837217276 663
1743822863062 0.4391458190121232 664
1743822876780 0.4402018014748285 665
1743822890471 0.4377797900879996 666
1743822904405 0.44090999397381875 667
1743822918265 0.43702843548047277 668
1743822932099 0.4401957240439517 669
1743822946066 0.43804036128551127 670
1743822960215 0.4367847535037271 671
1743822974094 0.43679022253172994 672
1743822987952 0.43616759234272795 673
1743823001579 0.43819848701463415 674
1743823015422 0.4358732671959176 675
1743823029432 0.43692505998901354 676
1743823042952 0.43503811664171266 677
1743823056842 0.43740829537512765 678
1743823070487 0.4359766531265273 679
1743823084433 0.43611349618709716 680
1743823098460 0.43446217815938915 681
1743823112204 0.4339255018514915 682
1743823126065 0.4340448862181636 683
1743823139757 0.4325504519193806 684
1743823153568 0.4360102717324119 685
1743823167288 0.43228964922007146 686
1743823181320 0.4356371480322504 687
1743823195091 0.43394629821119857 688
1743823208620 0.4357763877170108 689
1743823222521 0.4325355971128306 690
1743823236356 0.4339960996719941 691
1743823250478 0.43243568972228275 692
1743823264188 0.4327092268799705 693
1743823277995 0.4322157925492029 694
1743823291607 0.43296826309405445 695
1743823305408 0.43090168386438665 696
1743823319338 0.43147847119827726 697
1743823333248 0.4324526445455873 698
1743823347111 0.4290656515520038 699
1743823360823 0.43001999259309237 700
1743823374800 0.43167911153215294 701
1743823388562 0.42987033286222776 702
1743823402379 0.42897736126185493 703
1743823416109 0.4346084578243704 704
1743823429793 0.4297953522542889 705
1743823443490 0.43553299011635477 706
1743823456953 0.4301400797372907 707
1743823470637 0.43110841186043375 708
1743823484463 0.43152568224438687 709
1743823498208 0.43178680135883774 710
1743823511911 0.43135050836235 711
1743823525280 0.4289488914241656 712
1743823538657 0.4287150240763544 713
1743823552593 0.42970907589066715 714
1743823566485 0.42873724532310653 715
1743823580281 0.43028702053785345 716
1743823594079 0.42656743457490726 717
1743823607884 0.42492742199737055 718
1743823621832 0.42538058531824813 719
1743823635638 0.42749595797425854 720
1743823649253 0.4267644653372035 721
1743823663128 0.42555731466693986 722
1743823676956 0.42679471792201606 723
1743823690927 0.42728448568664873 724
1743823704938 0.42538455864157854 725
1743823718798 0.42701289747360394 726
1743823732570 0.4260307263518679 727
1743823746421 0.4256856338816881 728
1743823759907 0.42575954444944214 729
1743823773449 0.4238697605464594 730
1743823787083 0.4263316105917755 731
1743823800893 0.42815100188176514 732
1743823814785 0.42504208138264277 733
1743823828558 0.4246687792680043 734
1743823842286 0.4226249937718576 735
1743823855646 0.4229902616353678 736
1743823869722 0.4226703956771646 737
1743823883504 0.42056248192672835 738
1743823897395 0.42457022389787774 739
1743823911188 0.4228312898804842 740
1743823925137 0.42173408223040015 741
1743823938899 0.42136275089117387 742
1743823952584 0.4209998569163539 743
1743823966383 0.4237685372186402 744
1743823980190 0.42100121482759556 745
1743823994083 0.42139550086427163 746
1743824008186 0.4194107956879579 747
1743824021715 0.4206412787681356 748
1743824035284 0.4231905492212937 749
1743824048882 0.41915870801537786 750
1743824062342 0.42151303749400987 751
1743824076165 0.4195506269390989 752
1743824089670 0.419532983992974 753
1743824103306 0.4186894389902881 754
1743824116891 0.4196508819028952 755
1743824130139 0.4178143563245349 756
1743824143829 0.4210468793858079 757
1743824157736 0.42097971027377407 758
1743824171263 0.4184125226557122 759
1743824184823 0.42169185348132426 760
1743824198227 0.41746997012913 761
1743824211582 0.42209237564532964 762
1743824224976 0.4155557866545661 763
1743824238398 0.4183693140205819 764
1743824251948 0.41478305664101217 765
1743824265403 0.4163804835160601 766
1743824278792 0.41627991148784177 767
1743824292262 0.4177453393783667 768
1743824305740 0.4165505089170335 769
1743824319186 0.4166407907813303 770
1743824332773 0.4158613556604398 771
1743824346396 0.4146027753548954 772
1743824359772 0.4145851523260211 773
1743824373050 0.4187475967482164 774
1743824386498 0.4160156141362297 775
1743824400288 0.41740468196514335 776
1743824414081 0.41712250011122776 777
1743824427916 0.41556730109278345 778
1743824441724 0.4175764313842608 779
1743824455429 0.41610210717816265 780
1743824469039 0.4207569571300711 781
1743824482705 0.4149927034757954 782
1743824496481 0.4141272868467078 783
1743824510275 0.41246513189779793 784
1743824523911 0.4129985126228196 785
1743824537793 0.41698010463585117 786
1743824551668 0.4139570467096821 787
1743824565703 0.4122415325071721 788
1743824579609 0.41449380854718526 789
1743824593365 0.4121213358244015 790
1743824607219 0.4147218467424129 791
1743824620930 0.41163198637494663 792
1743824634690 0.41438052984122903 793
1743824648650 0.4112140401892103 794
1743824662501 0.4108536098703928 795
1743824676218 0.4103972324879676 796
1743824690267 0.41010419912794494 797
1743824703977 0.41056283715666175 798
1743824717803 0.4123415025953903 799
1743824731437 0.4122489002114175 800
1743824745063 0.41197084962867087 801
1743824759299 0.4087332465675461 802
1743824773020 0.4149737604655813 803
1743824786643 0.4084841457583153 804
1743824799866 0.40755452660033054 805
1743824813104 0.40825371546469497 806
1743824826867 0.408889277142726 807
1743824840534 0.4069222693946811 808
1743824854281 0.4084375996431681 809
1743824868147 0.408169760458987 810
1743824882045 0.4110297805024571 811
1743824895732 0.4082655547187066 812
1743824909446 0.40765049447379537 813
1743824923126 0.40794713081879197 814
1743824936947 0.40920158093647335 815
1743824950515 0.4064560419334484 816
1743824963986 0.40763394685093773 817
1743824978111 0.40635828659875156 818
1743824991856 0.40849662681277976 819
1743825005532 0.4071791393394435 820
1743825019230 0.40598967317330165 821
1743825033203 0.4072514537748191 822
1743825047017 0.4063248832005441 823
1743825061094 0.40648074616391244 824
1743825074863 0.4054130443945914 825
1743825088746 0.40421234250602567 826
1743825102625 0.4063974523965947 827
1743825116235 0.40481779611953056 828
1743825129857 0.40588084274115516 829
1743825143402 0.40456084202209724 830
1743825157368 0.40616603533163786 831
1743825171222 0.403812034435314 832
1743825184899 0.40523098985442674 833
1743825198591 0.4029821926117242 834
1743825212318 0.40367603768272037 835
1743825226655 0.40436469486792226 836
1743825240503 0.4015159844045915 837
1743825254373 0.40222109155231406 838
1743825268327 0.4027125761657301 839
1743825282056 0.40283326884060816 840
1743825295944 0.4046788326727262 841
1743825309779 0.40153870439528455 842
1743825323961 0.4012486849465852 843
1743825337877 0.4022239676463927 844
1743825351826 0.40361509288194275 845
1743825365695 0.40154184876932614 846
1743825379280 0.40476709308067704 847
1743825392936 0.400162363158336 848
1743825406246 0.4036706948477931 849
1743825419609 0.4004478150109834 850
1743825432904 0.399214011428211 851
1743825446538 0.4004989861753331 852
1743825459826 0.39908572732366776 853
1743825473401 0.4059667144574872 854
1743825486887 0.3999145356066289 855
1743825500259 0.398752923934425 856
1743825513876 0.4016123985067105 857
1743825526976 0.39792588094481 858
1743825540524 0.40116581459333267 859
1743825553988 0.3984747467704274 860
1743825567592 0.4003066093313388 861
1743825581213 0.3992231646517739 862
1743825594606 0.40028502799213767 863
1743825608157 0.3985064607202057 864
1743825621704 0.40264140538808424 865
1743825635049 0.39826885451550276 866
1743825648535 0.4016596484605614 867
1743825661961 0.4015207095443825 868
1743825675340 0.39951489336513635 869
1743825688692 0.4009722223397838 870
1743825702294 0.40024468900977606 871
1743825715901 0.39858581823472533 872
1743825729370 0.39686300821849535 873
1743825742800 0.40028198326838965 874
1743825756371 0.39830775465957796 875
1743825770005 0.4008596430257534 876
1743825783476 0.39870552081788196 877
1743825796936 0.3977715618119882 878
1743825810419 0.39704271884805353 879
1743825823985 0.397506637442641 880
1743825837310 0.39769371088052413 881
1743825850750 0.3959831412485934 882
1743825864161 0.3978058452391735 883
1743825877916 0.395525567146588 884
1743825891302 0.39918953218223374 885
1743825905002 0.39639461510287255 886
1743825918888 0.3946310808785395 887
1743825932597 0.3957617511781565 888
1743825946214 0.39325065597959635 889
1743825960465 0.39793100982230284 890
1743825974382 0.39483311928616655 891
1743825988004 0.3996471059589694 892
1743826001918 0.39520282875445273 893
1743826015749 0.39662869860124145 894
1743826029755 0.3924345278440438 895
1743826043421 0.3929104637794152 896
1743826057238 0.392566871868004 897
1743826071171 0.39441612060446274 898
1743826085105 0.39134315938788916 899
1743826098962 0.39165873037044774 900
1743826112684 0.39462376840506824 901
1743826126467 0.39452004113834854 902
1743826140336 0.3913471279731192 903
1743826154015 0.39038635138314143 904
1743826167702 0.3912036700533792 905
1743826181676 0.38894680716164115 906
1743826195404 0.3920193841867294 907
1743826209372 0.391821387519068 908
1743826223153 0.39147851985624854 909
1743826237028 0.391668387245156 910
1743826250699 0.3921649326792635 911
1743826264353 0.3897070741865083 912
1743826278015 0.3914176228986798 913
1743826291781 0.39103382621384924 914
1743826305765 0.3910501162589882 915
1743826319811 0.39147467378357464 916
1743826333436 0.3901488087390481 917
1743826347265 0.39207574369145415 918
1743826361247 0.3897649628189383 919
1743826374931 0.39151585330832483 920
1743826388798 0.3899557127512533 921
1743826402748 0.388794947820078 922
1743826416860 0.3895590487154697 923
1743826430879 0.3920412967873824 924
1743826444812 0.3885752381386048 925
1743826458612 0.38795837822487955 926
1743826472434 0.3881220614774363 927
1743826486262 0.3870394268089628 928
1743826499941 0.3897175274697775 929
1743826513652 0.3894600793477739 930
1743826527469 0.38846305089109123 931
1743826541426 0.38830649447557714 932
1743826555303 0.3865484994030544 933
1743826569124 0.3866186200170419 934
1743826582811 0.38638507295600394 935
1743826596573 0.38580597168463926 936
1743826610417 0.38677828232784706 937
1743826624130 0.38565065041536284 938
1743826637832 0.38438505285234026 939
1743826651795 0.38415475646880265 940
1743826665640 0.38327523633049365 941
1743826679563 0.3831189107867832 942
1743826693177 0.3868154761147658 943
1743826706895 0.3832294573196993 944
1743826720472 0.3855006343670893 945
1743826734020 0.38425936005043354 946
1743826747843 0.3832169837332825 947
1743826761575 0.38292750105355966 948
1743826775497 0.38334353959179013 949
1743826789377 0.38295810615849774 950
1743826803354 0.38609423987948505 951
1743826817007 0.3847080991397112 952
1743826830976 0.38336872766854085 953
1743826844902 0.3863393851402091 954
1743826858614 0.38505252718465993 955
1743826872401 0.38473807706984614 956
1743826886198 0.3844748513264677 957
1743826900029 0.38477437359016603 958
1743826913843 0.3841086905189753 959
1743826927338 0.383553477333743 960
1743826940840 0.38297597180319337 961
1743826954220 0.38576367821527807 962
1743826967547 0.38315353688626563 963
1743826981015 0.3916536334635935 964
1743826994937 0.3851423901954588 965
1743827008833 0.38476955972183524 966
1743827022676 0.3833551305580739 967
1743827036486 0.3841824658201849 968
1743827050346 0.38412321139217065 969
1743827063979 0.3852055148584405 970
1743827077844 0.38486420954777845 971
1743827091540 0.38782983781621905 972
1743827105308 0.3823088899587538 973
1743827119254 0.38123475351516634 974
1743827133298 0.38156004624068324 975
1743827147129 0.3812914184146825 976
1743827160796 0.3834586019998673 977
1743827174195 0.3831272177705014 978
1743827187696 0.3811924042282536 979
1743827201744 0.3822747237099187 980
1743827215971 0.37975116037343853 981
1743827229746 0.3800376219316686 982
1743827243360 0.3804916898027437 983
1743827257152 0.3840117057641306 984
1743827270465 0.38223525326619134 985
1743827284000 0.38176634986033947 986
1743827297568 0.3800476621100069 987
1743827311090 0.3812098732009096 988
1743827324873 0.38358178959460504 989
1743827338734 0.3810871998510542 990
1743827352484 0.38210807049151135 991
1743827366315 0.38243647447863505 992
1743827380407 0.38105075458445875 993
1743827394350 0.3790432219134457 994
1743827408091 0.3809798138241662 995
1743827422062 0.37801153592248354 996
1743827435770 0.3783365260325592 997
1743827449177 0.37768325575680134 998
1743827462723 0.37993576004925833 999
1743827476417 0.3790396850153217 1000
