1743807926203 0.05413565510462014 0
1743807939530 0.0540654402471563 1
1743807952813 0.05462715910686701 2
1743807966321 0.054767588821794694 3
1743807979357 0.05532930768150541 4
1743807992714 0.05553995225389693 5
1743808005821 0.05582081168375228 6
1743808019233 0.05673360483078219 7
1743808032365 0.057927257407667465 8
1743808045573 0.058840050554697376 9
1743808058970 0.05982305855919112 10
1743808072483 0.06129757056593175 11
1743808085755 0.06403595000702149 12
1743808098960 0.06768712259514113 13
1743808112107 0.0711978654683331 14
1743808125213 0.07505968262884426 15
1743808138360 0.07941300379160231 16
1743808151636 0.08446847352899874 17
1743808164871 0.09106867013059963 18
1743808178323 0.0979497261620559 19
1743808191757 0.10469035247858446 20
1743808205403 0.11290549080185368 21
1743808218893 0.12112062912512288 22
1743808231837 0.13130178345737958 23
1743808245305 0.14049992978514253 24
1743808258243 0.1489959275382671 25
1743808271505 0.15924729672798765 26
1743808284986 0.16963909563263588 27
1743808298301 0.1812947619716332 28
1743808311604 0.19007161915461313 29
1743808324796 0.19941019519730374 30
1743808338216 0.20811683752281984 31
1743808351286 0.21387445583485465 32
1743808364279 0.22033422272152786 33
1743808377663 0.2258811964611712 34
1743808391078 0.23241117820530824 35
1743808404395 0.2385900856621261 36
1743808417742 0.2464541496980761 37
1743808430923 0.2528437017272855 38
1743808444366 0.26042690633338017 39
1743808457245 0.264850442353602 40
1743808470852 0.2732060103917989 41
1743808483911 0.2800168515657913 42
1743808497242 0.2895660721808735 43
1743808510580 0.2948321864906614 44
1743808523906 0.30501334082291814 45
1743808537273 0.3117539671394467 46
1743808550758 0.3219351214717034 47
1743808564293 0.3302906895099003 48
1743808577598 0.34096334784440385 49
1743808591030 0.3479848335907878 50
1743808604330 0.35985114450217665 51
1743808617796 0.3682769273978374 52
1743808631279 0.3764920657211066 53
1743808644856 0.3888498806347423 54
1743808658280 0.39839910124982447 55
1743808671704 0.4073163881477321 56
1743808685194 0.4197444179188316 57
1743808698729 0.4299957871085522 58
1743808712184 0.43919393343631513 59
1743808725443 0.4482516500491504 60
1743808738483 0.4599775312456116 61
1743808751924 0.46636708327482096 62
1743808765532 0.4768993118943968 63
1743808778885 0.49122314281702006 64
1743808792519 0.5026681645836258 65
1743808805864 0.5125684594860273 66
1743808819444 0.5193793006600197 67
1743808832690 0.5300519589945233 68
1743808845905 0.5381968824603286 69
1743808859468 0.5480269625052662 70
1743808872937 0.5554697373964331 71
1743808886378 0.5613677854233956 72
1743808899387 0.5683892711697796 73
1743808912769 0.5770256986378318 74
1743808925853 0.5798342929363853 75
1743808939091 0.5846089032439264 76
1743808952438 0.5907878107007443 77
1743808965798 0.5982305855919112 78
1743808979155 0.6026541216121332 79
1743808992364 0.6065861536301081 80
1743809005731 0.6133267799466368 81
1743809019311 0.6176801011093948 82
1743809032458 0.6235079342788934 83
1743809046000 0.6294761971633197 84
1743809059340 0.6316528577446988 85
1743809072617 0.6380424097739081 86
1743809085830 0.6425361606515939 87
1743809099171 0.6462575480971774 88
1743809112604 0.6482937789636287 89
1743809125924 0.6512428029771099 90
1743809139401 0.6544024715629827 91
1743809152493 0.6567897767167533 92
1743809165521 0.660440949304873 93
1743809178852 0.6626878247437158 94
1743809191929 0.6649347001825586 95
1743809205086 0.6676730796236484 96
1743809218283 0.6704816739222019 97
1743809231573 0.6725881196461171 98
1743809244745 0.6759584328043814 99
1743809257897 0.677432944811122 100
