1743807926203 2.3628005006320953 0
1743807939530 2.3621005855350647 1
1743807952814 2.3611748142249613 2
1743807966321 2.3599744296760496 3
1743807979358 2.358576091695994 4
1743807992714 2.3569742582756628 5
1743808005822 2.355234794959541 6
1743808019234 2.353177496970945 7
1743808032366 2.3509742089096894 8
1743808045573 2.348504036894945 9
1743808058971 2.345811769380288 10
1743808072483 2.3428955766052124 11
1743808085756 2.339860202452568 12
1743808098961 2.336666645537925 13
1743808112107 2.3332797811907744 14
1743808125213 2.32970140439383 15
1743808138360 2.3260567606942657 16
1743808151637 2.3222432862606155 17
1743808164871 2.318236033705114 18
1743808178324 2.31399407935147 19
1743808191758 2.3094802676857293 20
1743808205404 2.304774618812947 21
1743808218894 2.2998164891074793 22
1743808231837 2.2950646597271516 23
1743808245306 2.2899240600665633 24
1743808258244 2.284946379409365 25
1743808271506 2.279564625616018 26
1743808284986 2.2739131749966446 27
1743808298301 2.268326078411686 28
1743808311604 2.2625538297186862 29
1743808324797 2.2567265268415913 30
1743808338217 2.2507073533483397 31
1743808351287 2.244676735561356 32
1743808364280 2.2387458760927297 33
1743808377664 2.232434602190316 34
1743808391078 2.225890655403597 35
1743808404396 2.219424768712995 36
1743808417743 2.2127579183154875 37
1743808430924 2.205886322698552 38
1743808444367 2.1990295168641327 39
1743808457245 2.1921629672128558 40
1743808470853 2.1846886932255294 41
1743808483911 2.177522545387667 42
1743808497243 2.1701644942874 43
1743808510580 2.1623917190498627 44
1743808523907 2.1544913304137037 45
1743808537274 2.146721015603848 46
1743808550759 2.1383684285275346 47
1743808564294 2.1303297676834574 48
1743808577598 2.1220306576072394 49
1743808591031 2.113712177019929 50
1743808604330 2.105315561642782 51
1743808617796 2.0966116026388866 52
1743808631279 2.0877772333616145 53
1743808644857 2.07855358519573 54
1743808658281 2.069501063142953 55
1743808671705 2.0602322372590534 56
1743808685195 2.050604262460586 57
1743808698729 2.041100035139156 58
1743808712185 2.0311535584058285 59
1743808725444 2.0217953618358537 60
1743808738483 2.0119402800803576 61
1743808751925 2.0018642232082846 62
1743808765532 1.991494884469427 63
1743808778886 1.9810091898577284 64
1743808792520 1.970215781987465 65
1743808805864 1.9593850430315012 66
1743808819444 1.948627679356518 67
1743808832690 1.9374206506351102 68
1743808845906 1.9267530696620472 69
1743808859469 1.9155732011830944 70
1743808872937 1.9048430008244743 71
1743808886379 1.8940272099011903 72
1743808899388 1.8833159560563086 73
1743808912769 1.8721351490706435 74
1743808925854 1.8609179568878567 75
1743808939091 1.8500567678675552 76
1743808952438 1.8389962010748886 77
1743808965798 1.8275468897599634 78
1743808979156 1.8159317841037124 79
1743808992364 1.8045321930695586 80
1743809005732 1.7928846037681776 81
1743809019311 1.7808874756204371 82
1743809032458 1.7695328977268203 83
1743809046001 1.7576703745026878 84
1743809059341 1.7462143990003118 85
1743809072617 1.734415156410931 86
1743809085830 1.7227399668943943 87
1743809099172 1.710871903523424 88
1743809112605 1.6992273605769577 89
1743809125925 1.687508451361991 90
1743809139401 1.6758068686215504 91
1743809152494 1.6644946220072339 92
1743809165522 1.6529637270226847 93
1743809178853 1.6412561047263408 94
1743809191929 1.6297599356568917 95
1743809205086 1.6181778225682448 96
1743809218284 1.6066711922946588 97
1743809231574 1.5954529062606242 98
1743809244746 1.583664810311967 99
1743809257898 1.572836404317475 100
