1743811152745 0.05392501053222862 0
1743811165236 0.05392501053222862 1
1743811177843 0.05392501053222862 2
1743811190438 0.05399522538969246 3
1743811202713 0.05385479567476478 4
1743811215273 0.05378458081730094 5
1743811227748 0.05378458081730094 6
1743811240332 0.05399522538969246 7
1743811252731 0.05413565510462014 8
1743811265038 0.054276084819547814 9
1743811277329 0.0544165145344755 10
1743811289780 0.054276084819547814 11
1743811301898 0.05448672939193933 12
1743811314043 0.05462715910686701 13
1743811326317 0.05497823339418621 14
1743811338190 0.05490801853672237 15
1743811350245 0.055188877966577725 16
1743811362395 0.055188877966577725 17
1743811374513 0.055188877966577725 18
1743811386763 0.055188877966577725 19
1743811398890 0.05553995225389693 20
1743811411333 0.055680381968824605 21
1743811423701 0.055680381968824605 22
1743811435592 0.05553995225389693 23
1743811447886 0.05561016711136076 24
1743811459752 0.056101671113607636 25
1743811471925 0.05596124139867996 26
1743811484077 0.056382530543463 27
1743811496248 0.056312315685999155 28
1743811508401 0.05694424940317371 29
1743811520471 0.057225108833029066 30
1743811532907 0.05750596826288443 31
1743811544953 0.05820811683752282 32
1743811556854 0.058769835697233534 33
1743811569094 0.05891026541216121 34
1743811581285 0.05919112484201657 35
1743811593457 0.06003370313158264 36
1743811605497 0.060595421991293356 37
1743811617599 0.061086925993540236 38
1743811629843 0.06157842999578711 39
1743811641683 0.0626316528577447 40
1743811654184 0.0633338014323831 41
1743811666152 0.06480831343912372 42
1743811678290 0.06593175115854515 43
1743811690483 0.06747647802274961 44
1743811702682 0.068178626597388 45
1743811714889 0.06972335346159247 46
1743811727132 0.0708467911810139 47
1743811739417 0.07182979918550765 48
1743811751495 0.07281280719000141 49
1743811763601 0.07435753405420586 50
1743811775706 0.07498946777138042 51
1743811787811 0.07723634321022328 52
1743811800130 0.07899171464681927 53
1743811812441 0.08088751579834293 54
1743811824639 0.08229181294761971 55
1743811836791 0.08467911810139025 56
1743811848974 0.08664513411037776 57
1743811861208 0.08910265412161213 58
1743811873474 0.09205167813509339 59
1743811885616 0.09450919814632776 60
1743811897558 0.09626456958292375 61
1743811909678 0.09900294902401348 62
1743811922205 0.10153068389271169 63
1743811934644 0.10370734447409072 64
1743811947148 0.10567336048307822 65
1743811959347 0.10960539250105322 66
1743811971787 0.11255441651453447 67
1743811983927 0.11508215138323269 68
1743811996268 0.11683752281982868 69
1743812008977 0.11950568740345457 70
1743812021493 0.12308664513411038 71
1743812033844 0.12568459486027245 72
1743812046037 0.12807190001404298 73
1743812058192 0.1304592051678135 74
1743812070152 0.13368908861115011 75
1743812082310 0.13670832748209522 76
1743812094574 0.13916584749332958 77
1743812107013 0.14281702008144923 78
