1743811152745 2.3631830355014007 0
1743811165237 2.363104235311473 1
1743811177843 2.3630053266033086 2
1743811190438 2.3628726807462725 3
1743811202713 2.362724950617369 4
1743811215273 2.362547948852717 5
1743811227749 2.362358414967496 6
1743811240333 2.362128704163666 7
1743811252731 2.361876429035999 8
1743811265038 2.3615930608587483 9
1743811277329 2.3612727755412486 10
1743811289781 2.3609338700154305 11
1743811301902 2.3605816167288975 12
1743811314043 2.3602065072094636 13
1743811326318 2.359811400595345 14
1743811338190 2.3593755439695117 15
1743811350246 2.3589507094350393 16
1743811362396 2.358507037274967 17
1743811374514 2.358024552787021 18
1743811386764 2.3575113342460345 19
1743811398891 2.3569555728645977 20
1743811411334 2.356387906260305 21
1743811423701 2.3557643157579164 22
1743811435593 2.3551711580655947 23
1743811447886 2.3545002987127663 24
1743811459753 2.3538799774572716 25
1743811471926 2.3531531622107815 26
1743811484078 2.352404439783626 27
1743811496249 2.351678274545251 28
1743811508401 2.350921249964043 29
1743811520471 2.35014788574493 30
1743811532907 2.3493446286914264 31
1743811544954 2.3485162466366187 32
1743811556854 2.347747272406732 33
1743811569095 2.3468971285648585 34
1743811581286 2.3460219257770456 35
1743811593457 2.3451456970668616 36
1743811605497 2.3442623207803814 37
1743811617599 2.3433093055367538 38
1743811629844 2.3423732931322685 39
1743811641684 2.341403544431529 40
1743811654185 2.3403593767795456 41
1743811666153 2.3393653704580246 42
1743811678291 2.3383521508210214 43
1743811690483 2.3372539922878293 44
1743811702683 2.336117529137624 45
1743811714890 2.3349355292504237 46
1743811727133 2.333774864841894 47
1743811739418 2.3326225916634344 48
1743811751496 2.3314451013561834 49
1743811763602 2.3302492829291763 50
1743811775706 2.3290230009530237 51
1743811787811 2.3277373050490096 52
1743811800131 2.326466267871336 53
1743811812442 2.325126816228848 54
1743811824640 2.3238576135235096 55
1743811836792 2.3225378463345914 56
1743811848975 2.32114669972841 57
1743811861208 2.3197416156648174 58
1743811873475 2.3183325349375865 59
1743811885616 2.316989757640874 60
1743811897558 2.3155852335670137 61
1743811909678 2.3141573216312463 62
1743811922206 2.3126646690217876 63
1743811934645 2.3112237386597587 64
1743811947149 2.3096605114584117 65
1743811959348 2.3081325264540675 66
1743811971787 2.3065667612817853 67
1743811983927 2.304984112591836 68
1743811996269 2.3034404652863154 69
1743812008977 2.301860055927052 70
1743812021494 2.300237403758699 71
1743812033844 2.298729652382886 72
1743812046038 2.2971790304027797 73
1743812058193 2.295650385966661 74
1743812070152 2.2940125113127707 75
1743812082311 2.2923497508838984 76
1743812094575 2.2907147492793416 77
1743812107014 2.2890336912454194 78
