1745230299210 0.03380960292407376 0
1745230313185 0.056238577836849976 1
1745230327464 0.07725535803289584 2
1745230341505 0.09744143545439442 3
1745230358028 0.11912277787007809 4
1745230373211 0.1387273633493936 5
1745230388041 0.1518524671872404 6
1745230402240 0.16165475992689815 7
1745230416376 0.1751121448745639 8
1745230430727 0.18383452400731018 9
1745230444681 0.18748961621531815 10
1745230458871 0.19612892507060972 11
1745230473099 0.20169463366007642 12
1745230487311 0.2069280611397242 13
1745230501338 0.21697956471174615 14
1745230515404 0.2258680843994019 15
1745230529035 0.22570194384449244 16
1745230542618 0.22752948994849642 17
1745230556409 0.23450739325469347 18
1745230570060 0.23940853962452235 19
1745230583547 0.24090380461870742 20
1745230597359 0.24912776208672538 21
1745230611193 0.251370659578003 22
1745230624801 0.2552749626183751 23
1745230638977 0.25818242232929056 24
1745230652922 0.26831699617876725 25
1745230667170 0.26175444425984384 26
1745230681278 0.26316663897657416 27
1745230694947 0.26557567702276125 28
1745230708789 0.26840006645622194 29
1745230723114 0.27180594783186574 30
1745230737746 0.2734673533809603 31
1745230751892 0.2763748130918757 32
1745230765692 0.27870078086060807 33
1745230779749 0.2796145539126101 34
1745230793738 0.2818574514038877 35
1745230807731 0.28509719222462204 36
1745230821825 0.28692473832862603 37
1745230835859 0.28725701943844495 38
1745230850021 0.28825386276790166 39
1745230864106 0.29107825220136235 40
1745230878194 0.2939857119122778 41
1745230892559 0.29564711746137234 42
1745230906605 0.30038212327629177 43
1745230920540 0.3011297557733843 44
1745230934529 0.3041202857617544 45
1745230948680 0.303040372154843 46
1745230962386 0.3027911613224788 47
1745230976566 0.30561555075593955 48
1745230990546 0.3096859943512211 49
1745231004649 0.31143047017777037 50
1745231018939 0.3117627512875893 51
1745231033041 0.31101511879049676 52
1745231046958 0.3123442432297724 53
1745231060902 0.31566705432796144 54
1745231075102 0.3179099518192391 55
1745231089235 0.3159162651603256 56
1745231103323 0.3160824057152351 57
1745231117483 0.3169131084897824 58
1745231131689 0.32081741153015453 59
1745231145816 0.3201528493105167 60
1745231159772 0.3232264495763416 61
1745231173839 0.3227280279116132 62
1745231188179 0.3226449576341585 63
1745231202284 0.324306363183253 64
1745231215915 0.3257185578999834 65
1745231229734 0.3250539956803456 66
1745231243750 0.32812759594617047 67
1745231258072 0.32713075261671376 68
1745231271993 0.32779531483635155 69
1745231286161 0.3282937365010799 70
1745231299990 0.3294567203854461 71
1745231313944 0.3320318989865426 72
1745231328264 0.33394251536800135 73
1745231342515 0.3322811098189068 74
1745231356492 0.33311181259345407 75
1745231370589 0.333444093703273 76
1745231384410 0.335271639807277 77
1745231398395 0.3379298886858282 78
1745231412369 0.33801295896328293 79
1745231426396 0.33801295896328293 80
1745231440649 0.3398405050672869 81
1745231454492 0.3397574347898322 82
1745231468401 0.337680677853464 83
1745231482207 0.3400066456221964 84
1745231496281 0.3398405050672869 85
1745231510495 0.34175112144874564 86
1745231524289 0.3429141053331118 87
1745231538407 0.34391094866256855 88
1745231552167 0.34374480810765906 89
1745231565859 0.3450739325469347 90
1745231579519 0.34631998670875563 91
1745231593084 0.3488120950323974 92
1745231606884 0.34897823558730684 93
1745231620545 0.34989200863930886 94
1745231634271 0.3484798139225785 95
1745231648174 0.34831367336766905 96
1745231661965 0.35014121947167304 97
1745231675705 0.3503904303040372 98
1745231689604 0.3516364844658581 99
1745231703917 0.351968765575677 100
1745231717822 0.3532148197374979 101
1745231731733 0.3533809602924074 102
1745231745729 0.35387938195713575 103
1745231760021 0.3534640305698621 104
1745231774363 0.35487622528659246 105
1745231788058 0.35387938195713575 106
1745231801888 0.3549592955640472 107
1745231815954 0.35703605250041537 108
1745231829926 0.3572021930553248 109
1745231844004 0.35794982555241733 110
1745231857802 0.35828210666223625 111
1745231871560 0.35944509054660245 112
1745231885781 0.3611895663731517 113
1745231899526 0.3599435122113308 114
1745231913604 0.3613557069280611 115
1745231927807 0.3624356205349726 116
1745231941627 0.36293404219970093 117
1745231955886 0.36326632330951986 118
1745231970015 0.3621864097026084 119
1745231984076 0.3640139558066124 120
1745231998327 0.3645954477487955 121
1745232011956 0.36442930719388605 122
1745232025633 0.36550922080079745 123
1745232039741 0.3655922910782522 124
1745232053784 0.3651769396909786 125
1745232067961 0.3665060641302542 126
1745232081931 0.3664229938527995 127
1745232096005 0.3665060641302542 128
1745232110220 0.3658415019106164 129
1745232124246 0.36633992357534473 130
1745232138455 0.3652600099684333 131
1745232152927 0.3661737830204353 132
1745232166740 0.36625685329789004 133
1745232180572 0.36791825884698454 134
1745232194859 0.36625685329789004 135
1745232208649 0.36708755607243726 136
1745232222909 0.36766904801462036 137
1745232237037 0.3680013291244393 138
1745232251075 0.3702442266157169 139
1745232265140 0.36891510217644125 140
1745232279236 0.3701611563382622 141
1745232293174 0.3703272968931716 142
1745232307185 0.37124106994517364 143
1745232321480 0.3711579996677189 144
1745232335707 0.3714902807775378 145
1745232349720 0.3718225618873567 146
1745232364119 0.37232098355208504 147
1745232378294 0.3724040538295398 148
1745232392201 0.3730686160491776 149
1745232406204 0.37365010799136067 150
1745232419953 0.3734008971589965 151
1745232433836 0.37365010799136067 152
1745232447831 0.37381624854627016 153
1745232462137 0.37381624854627016 154
1745232476077 0.374148529656089 155
1745232490306 0.37506230270809104 156
1745232504364 0.37547765409536465 157
1745232518643 0.3755607243728194 158
1745232532597 0.3755607243728194 159
1745232546885 0.37539458381790997 160
1745232560658 0.3758930054826383 161
1745232574315 0.37630835686991193 162
1745232587968 0.3755607243728194 163
1745232601812 0.37564379465027414 164
1745232615890 0.3763914271473667 165
1745232630226 0.3765575677022761 166
1745232644427 0.3771390596444592 167
1745232658618 0.3779697624190065 168
1745232672542 0.37763748130918756 169
1745232686700 0.37863432463864427 170
1745232700725 0.37780362186409705 171
1745232714546 0.3773882704768234 172
1745232728679 0.37904967602591794 173
1745232742965 0.3791327463033727 174
1745232756889 0.3789666057484632 175
1745232770936 0.37904967602591794 176
1745232785357 0.3795480976906463 177
1745232799598 0.37963116796810104 178
1745232813925 0.3802957301877388 179
1745232827942 0.3802126599102841 180
1745232842134 0.37979730852301047 181
1745232856240 0.38129257351719553 182
1745232870203 0.38120950323974084 183
1745232884354 0.38162485462701445 184
1745232898641 0.38104336268483135 185
1745232912538 0.382372487124107 186
1745232926356 0.38228941684665224 187
1745232940006 0.3819571357368334 188
1745232954030 0.3829539790662901 189
1745232968243 0.3821232762917428 190
1745232982298 0.38204020601428806 191
1745232996317 0.3831201196211995 192
1745233010419 0.38320318989865426 193
1745233024690 0.3833693304535637 194
1745233039172 0.3831201196211995 195
1745233053375 0.38320318989865426 196
1745233067777 0.3833693304535637 197
1745233081733 0.38303704934374483 198
1745233095755 0.38187406545937863 199
1745233109892 0.38345240073101844 200
1745233124240 0.38378468184083736 201
1745233138090 0.3835354710084732 202
1745233152242 0.3845323143379299 203
1745233166400 0.38436617378302046 204
1745233180619 0.38420003322811097 205
1745233194785 0.3849476657252035 206
1745233209101 0.38503073600265825 207
1745233223555 0.385113806280113 208
1745233237483 0.38503073600265825 209
1745233251254 0.3848645954477488 210
1745233265139 0.385113806280113 211
1745233278778 0.3851968765575677 212
1745233292315 0.3861106496095697 213
1745233305955 0.3851968765575677 214
1745233320027 0.38536301711247717 215
1745233334248 0.38544608738993186 216
1745233348081 0.38627679016447913 217
1745233362210 0.3861106496095697 218
1745233376339 0.38660907127429806 219
1745233390195 0.38594450905466027 220
1745233404274 0.3855291576673866 221
1745233418479 0.38602757933211496 222
1745233432566 0.38602757933211496 223
1745233446878 0.3867752118292075 224
1745233460646 0.386941352384117 225
1745233474481 0.386941352384117 226
1745233488209 0.3861106496095697 227
1745233501913 0.3864429307193886 228
1745233516140 0.38660907127429806 229
1745233530330 0.38727363349393584 230
1745233544493 0.3876889848812095 231
1745233558500 0.38727363349393584 232
1745233572826 0.38743977404884533 233
1745233586848 0.38727363349393584 234
1745233600564 0.38727363349393584 235
1745233614605 0.3882704768233926 236
1745233628625 0.3876889848812095 237
1745233642587 0.3883535471008473 238
1745233656889 0.3883535471008473 239
1745233671185 0.3889350390430304 240
1745233685074 0.38959960126266824 241
1745233699291 0.3895165309852135 242
1745233713098 0.3891011795979399 243
1745233727413 0.3891842498753946 244
1745233741276 0.38885196876557565 245
1745233755369 0.3891011795979399 246
1745233769467 0.3889350390430304 247
1745233783448 0.38943346070775875 248
1745233797616 0.38935039043030406 249
1745233812038 0.3891842498753946 250
1745233826117 0.38885196876557565 251
1745233840066 0.3891842498753946 252
1745233853686 0.38935039043030406 253
1745233867897 0.3895165309852135 254
1745233882078 0.3899318823724871 255
1745233896161 0.39092872570194387 256
1745233910267 0.39059644459212495 257
1745233924306 0.39034723375976077 258
1745233938257 0.3900980229273966 259
1745233952682 0.39059644459212495 260
1745233966896 0.3905133743146702 261
1745233980894 0.3906795148695797 262
1745233994861 0.3906795148695797 263
1745234008646 0.3915102176441269 264
1745234022799 0.3910948662568533 265
1745234036784 0.39117793653430805 266
1745234050907 0.39092872570194387 267
1745234065096 0.39092872570194387 268
1745234079112 0.3907625851470344 269
1745234092994 0.3907625851470344 270
1745234106641 0.39126100681176273 271
1745234120220 0.39101179597939856 272
1745234134192 0.39200863930885527 273
1745234148675 0.3908456554244891 274
1745234162762 0.3916763581990364 275
1745234176809 0.39209170958631 276
1745234191131 0.3916763581990364 277
1745234205385 0.39217477986376476 278
1745234219225 0.3926732015284931 279
1745234233390 0.39225785014121944 280
1745234247609 0.39275627180594785 281
1745234261893 0.3923409204186742 282
1745234275886 0.3929224123608573 283
1745234290255 0.3932546934706762 284
1745234304151 0.3923409204186742 285
1745234318396 0.39317162319322146 286
1745234332536 0.3929224123608573 287
1745234347148 0.3935039043030404 288
1745234361237 0.39375311513540456 289
1745234375149 0.3935869745804951 290
1745234389174 0.39375311513540456 291
1745234403327 0.393919255690314 292
1745234417790 0.39400232596776874 293
1745234431878 0.3941684665226782 294
1745234445943 0.39400232596776874 295
1745234460041 0.39375311513540456 296
1745234473864 0.39375311513540456 297
1745234487993 0.393919255690314 298
1745234502116 0.3942515368001329 299
1745234515863 0.393919255690314 300
1745234530126 0.3935869745804951 301
1745234544151 0.39400232596776874 302
1745234557881 0.3933377637481309 303
1745234571935 0.39342083402558564 304
1745234586051 0.39433460707758766 305
1745234600406 0.39458381790995184 306
1745234614670 0.3947499584648613 307
1745234628631 0.39458381790995184 308
1745234642869 0.3947499584648613 309
1745234656897 0.39433460707758766 310
1745234670709 0.3950822395746802 311
1745234684551 0.3950822395746802 312
1745234698231 0.3950822395746802 313
1745234711984 0.3951653098521349 314
1745234725872 0.3950822395746802 315
1745234740090 0.395746801794318 316
1745234754231 0.395746801794318 317
1745234768382 0.3964113640139558 318
1745234782521 0.39599601262668216 319
1745234796621 0.3967436451237747 320
1745234810327 0.3964944342914105 321
1745234824503 0.39624522345904634 322
1745234838501 0.39616215318159165 323
1745234852322 0.39657750456886526 324
1745234866141 0.3964113640139558 325
1745234879902 0.39599601262668216 326
1745234893550 0.39616215318159165 327
1745234907246 0.3964113640139558 328
1745234921045 0.39666057484632 329
1745234934858 0.39699285595613887 330
1745234948552 0.39682671540122944 331
1745234962546 0.39657750456886526 332
1745234976419 0.3973251370659578 333
1745234990346 0.39740820734341253 334
1745235004023 0.39740820734341253 335
1745235017811 0.3974912776208673 336
1745235031454 0.39682671540122944 337
1745235045142 0.39740820734341253 338
1745235058881 0.3973251370659578 339
1745235072657 0.39715899651104836 340
1745235086308 0.39757434789832197 341
1745235099805 0.3974912776208673 342
1745235113501 0.3969097856786842 343
1745235127741 0.3974912776208673 344
1745235141839 0.3974912776208673 345
1745235156315 0.39740820734341253 346
1745235170360 0.3972420667885031 347
1745235184400 0.3972420667885031 348
1745235198559 0.3974912776208673 349
1745235212642 0.39782355873068614 350
1745235226715 0.3974912776208673 351
1745235240818 0.3974912776208673 352
1745235255433 0.3972420667885031 353
1745235269535 0.39715899651104836 354
1745235283661 0.39757434789832197 355
1745235297700 0.3979066290081409 356
1745235311661 0.3976574181757767 357
1745235325190 0.3979066290081409 358
1745235339288 0.398488120950324 359
1745235353593 0.3980727695630503 360
1745235367392 0.3979066290081409 361
1745235381916 0.39815583984050507 362
1745235396149 0.3982389101179598 363
1745235410176 0.3985711912277787 364
1745235424090 0.39840505067286924 365
1745235438109 0.3982389101179598 366
1745235452150 0.39840505067286924 367
1745235466214 0.39815583984050507 368
1745235480187 0.3976574181757767 369
1745235494275 0.39774048845323146 370
1745235508139 0.39815583984050507 371
1745235522172 0.39798969928559563 372
1745235535972 0.39798969928559563 373
1745235550181 0.39757434789832197 374
1745235564198 0.3973251370659578 375
1745235578225 0.3982389101179598 376
1745235592213 0.39798969928559563 377
1745235606231 0.3980727695630503 378
1745235620412 0.3983219803954145 379
1745235634165 0.39774048845323146 380
1745235647972 0.3980727695630503 381
1745235661849 0.3980727695630503 382
1745235676146 0.39840505067286924 383
1745235690056 0.3980727695630503 384
1745235704328 0.3983219803954145 385
1745235717996 0.39815583984050507 386
1745235731933 0.39840505067286924 387
1745235745489 0.3982389101179598 388
1745235759356 0.3982389101179598 389
1745235773393 0.39882040206014285 390
1745235787486 0.3989034723375976 391
1745235801486 0.39931882372487126 392
1745235815741 0.39882040206014285 393
1745235829727 0.39898654261505234 394
1745235844028 0.3990696128925071 395
1745235858111 0.3992357534474165 396
1745235872020 0.398488120950324 397
1745235886479 0.3989034723375976 398
1745235900365 0.3992357534474165 399
1745235914548 0.3990696128925071 400
1745235928382 0.39898654261505234 401
1745235942605 0.3991526831699618 402
1745235956472 0.3992357534474165 403
1745235970643 0.39956803455723544 404
1745235984627 0.3999003156670543 405
1745235998660 0.39965110483469013 406
1745236012757 0.4000664562219638 407
1745236026802 0.3992357534474165 408
1745236040602 0.3998172453895996 409
1745236054614 0.3997341751121449 410
1745236068817 0.3994849642797807 411
1745236082948 0.39940189400232595 412
1745236096843 0.39940189400232595 413
1745236110618 0.39956803455723544 414
1745236124543 0.3994849642797807 415
1745236138696 0.3992357534474165 416
1745236152926 0.3997341751121449 417
1745236166835 0.3994849642797807 418
1745236180895 0.40023259677687323 419
1745236195123 0.4004818076092374 420
1745236209354 0.4007310184416016 421
1745236223336 0.40039873733178266 422
1745236236908 0.4001495264994185 423
1745236251194 0.4000664562219638 424
1745236265327 0.3999003156670543 425
1745236279544 0.4000664562219638 426
1745236293438 0.4000664562219638 427
1745236307179 0.3998172453895996 428
1745236321263 0.3997341751121449 429
1745236335306 0.3992357534474165 430
1745236349450 0.39940189400232595 431
1745236363594 0.39965110483469013 432
1745236377617 0.4000664562219638 433
1745236391442 0.3994849642797807 434
1745236405450 0.40023259677687323 435
1745236419366 0.39965110483469013 436
1745236433564 0.3997341751121449 437
1745236447530 0.3998172453895996 438
1745236461770 0.4000664562219638 439
1745236475597 0.39998338594450905 440
1745236489508 0.3994849642797807 441
1745236503564 0.400315667054328 442
1745236517669 0.39956803455723544 443
1745236531633 0.3997341751121449 444
1745236545687 0.39998338594450905 445
1745236559967 0.400315667054328 446
1745236574187 0.40023259677687323 447
1745236587901 0.3994849642797807 448
1745236601741 0.3998172453895996 449
1745236615551 0.3997341751121449 450
1745236629412 0.39998338594450905 451
1745236643422 0.400315667054328 452
1745236657523 0.4004818076092374 453
1745236671438 0.39998338594450905 454
1745236685289 0.40039873733178266 455
1745236699548 0.4004818076092374 456
1745236713689 0.40089715899651107 457
1745236727871 0.4001495264994185 458
1745236741861 0.4006479481641469 459
1745236755587 0.400315667054328 460
1745236769179 0.4001495264994185 461
1745236783303 0.4006479481641469 462
1745236797419 0.40039873733178266 463
1745236811328 0.39998338594450905 464
1745236825064 0.4000664562219638 465
1745236838684 0.4004818076092374 466
1745236852473 0.4010632995514205 467
1745236866320 0.40056487788669215 468
1745236880070 0.4008140887190563 469
1745236893672 0.4007310184416016 470
1745236907489 0.40098022927396576 471
1745236921199 0.3997341751121449 472
1745236935099 0.4008140887190563 473
1745236948694 0.40039873733178266 474
1745236962472 0.400315667054328 475
1745236976007 0.40056487788669215 476
1745236989903 0.4004818076092374 477
1745237004006 0.4006479481641469 478
1745237017882 0.40098022927396576 479
1745237031966 0.4004818076092374 480
1745237046123 0.40098022927396576 481
1745237060101 0.40098022927396576 482
1745237074298 0.40114636982887525 483
1745237088166 0.4008140887190563 484
1745237102082 0.4013125103837847 485
1745237116210 0.4014786509386941 486
1745237130281 0.4013125103837847 487
1745237144410 0.4016447914936036 488
1745237158833 0.4013955806612394 489
1745237172831 0.4013955806612394 490
1745237186894 0.40156172121614886 491
1745237200912 0.4017278617710583 492
1745237215094 0.4014786509386941 493
1745237229050 0.4016447914936036 494
1745237243079 0.4017278617710583 495
1745237257249 0.4020601428808772 496
1745237271566 0.4018940023259678 497
1745237285692 0.4018940023259678 498
1745237299838 0.40181093204851304 499
1745237313839 0.4017278617710583 500
