1745230299211 4.665187136773153 0
1745230313186 4.539148532076512 1
1745230327465 4.393973064001692 2
1745230341506 4.244546941921159 3
1745230358029 4.118081882652389 4
1745230373212 3.9851856038268747 5
1745230388041 3.870132826215432 6
1745230402240 3.7811167607441725 7
1745230416377 3.6891752759064382 8
1745230430728 3.60525218725906 9
1745230444682 3.53485645725227 10
1745230458871 3.4709465188005986 11
1745230473100 3.415727249335321 12
1745230487315 3.3683152035185646 13
1745230501339 3.308703487487639 14
1745230515404 3.249008451028249 15
1745230529035 3.221182077333876 16
1745230542618 3.1786092783082878 17
1745230556410 3.137783244283523 18
1745230570060 3.097689435230478 19
1745230583548 3.077892566513945 20
1745230597360 3.0344910706076718 21
1745230611194 3.0099935115461043 22
1745230624802 2.968417159771408 23
1745230638977 2.935026175487738 24
1745230652922 2.895744701777751 25
1745230667171 2.8875436148206544 26
1745230681279 2.86692812478858 27
1745230694948 2.8379108446042243 28
1745230708790 2.8185459701841546 29
1745230723115 2.7930718480463335 30
1745230737746 2.7658408778011423 31
1745230751893 2.749632284903336 32
1745230765692 2.7263864657867853 33
1745230779749 2.706704031160871 34
1745230793739 2.681511794521108 35
1745230807732 2.6652945747717234 36
1745230821826 2.6523044234241144 37
1745230835859 2.6431101977374185 38
1745230850022 2.6208836777889712 39
1745230864106 2.60568742670147 40
1745230878195 2.588672500477964 41
1745230892560 2.5631011628388056 42
1745230906606 2.54507949146567 43
1745230920541 2.5396771089977555 44
1745230934530 2.529872835960244 45
1745230948681 2.5168950491063784 46
1745230962386 2.5065427845067565 47
1745230976566 2.4881046408362226 48
1745230990547 2.471698030973493 49
1745231004649 2.462890806695201 50
1745231018939 2.4533369261810587 51
1745231033042 2.447811853176608 52
1745231046959 2.4397039442264816 53
1745231060903 2.4277038723292996 54
1745231075103 2.4193514060603314 55
1745231089235 2.405108650362557 56
1745231103324 2.3950622268913673 57
1745231117484 2.3832111109099805 58
1745231131690 2.3683094456572653 59
1745231145817 2.3604608974245327 60
1745231159773 2.352862752751675 61
1745231173840 2.3471120103360628 62
1745231188180 2.3410056312327727 63
1745231202284 2.3321831058859575 64
1745231215916 2.324844571986886 65
1745231229735 2.318140821767084 66
1745231243751 2.3132860145683094 67
1745231258072 2.3057853677358984 68
1745231271994 2.299781876371507 69
1745231286162 2.294565238525207 70
1745231299991 2.2885199212361504 71
1745231313944 2.2833083503358553 72
1745231328265 2.2759162319112396 73
1745231342515 2.272729401223396 74
1745231356493 2.2641240386538968 75
1745231370589 2.261242839714067 76
1745231384410 2.2539320547022506 77
1745231398396 2.247593883044482 78
1745231412370 2.2449923823640447 79
1745231426396 2.240772638377546 80
1745231440650 2.2367695997672303 81
1745231454492 2.2308233498324364 82
1745231468401 2.226440851323341 83
1745231482208 2.2196718745556834 84
1745231496281 2.216960004882784 85
1745231510496 2.212239358989117 86
1745231524290 2.2104857221352248 87
1745231538407 2.2049589824932068 88
1745231552167 2.201442053878994 89
1745231565860 2.196085312383773 90
1745231579519 2.193499845672225 91
1745231593085 2.186659618811279 92
1745231606885 2.183829214134202 93
1745231620546 2.1822805350420102 94
1745231634272 2.1770426419827054 95
1745231648174 2.1755129860360967 96
1745231661965 2.170520154774164 97
1745231675705 2.1645643103769117 98
1745231689605 2.1615769997608667 99
1745231703918 2.1594782292016066 100
1745231717823 2.155025426243573 101
1745231731733 2.1520743109238856 102
1745231745730 2.1502061671522195 103
1745231760022 2.1465969979324577 104
1745231774364 2.14326149800862 105
1745231788059 2.141808165446356 106
1745231801889 2.1389786375826674 107
1745231815954 2.1365799633281077 108
1745231829927 2.1364135354845 109
1745231844005 2.1350146313082425 110
1745231857803 2.130488563731419 111
1745231871561 2.1281133929863354 112
1745231885782 2.1274892721495844 113
1745231899527 2.123828239610537 114
1745231913605 2.1230168082963123 115
1745231927808 2.1203290673615602 116
1745231941628 2.1183255083198156 117
1745231955886 2.116334449830252 118
1745231970016 2.1157452872930427 119
1745231984076 2.1133984535519144 120
1745231998328 2.1120792334572815 121
1745232011957 2.110678560753087 122
1745232025634 2.10855851487459 123
1745232039742 2.105476163794334 124
1745232053785 2.1035160902056087 125
1745232067961 2.1021388316790866 126
1745232081932 2.100170358032076 127
1745232096006 2.0992552850202832 128
1745232110221 2.098650471572367 129
1745232124247 2.0956938331582657 130
1745232138456 2.094045409156826 131
1745232152927 2.0926139706220384 132
1745232166740 2.0923764926012245 133
1745232180573 2.090880796413504 134
1745232194860 2.0900152754093377 135
1745232208650 2.088821031466383 136
1745232222910 2.086789681524126 137
1745232237038 2.0860584087109255 138
1745232251076 2.0841375292318367 139
1745232265141 2.0817010925879944 140
1745232279237 2.081380390899178 141
1745232293175 2.080184338422521 142
1745232307185 2.0798187405121533 143
1745232321481 2.0787391970642677 144
1745232335708 2.0774125127813154 145
1745232349721 2.0762972019584605 146
1745232364120 2.074229766408427 147
1745232378295 2.0736056491826553 148
1745232392201 2.0724877593439883 149
1745232406204 2.071051894227914 150
1745232419954 2.070647554632594 151
1745232433837 2.0691172620951 152
1745232447832 2.067806438836118 153
1745232462138 2.068338350516976 154
1745232476077 2.0681840429546803 155
1745232490306 2.0658586126489515 156
1745232504365 2.0655778533943114 157
1745232518644 2.065367411065748 158
1745232532598 2.0634347029709925 159
1745232546886 2.062407180789064 160
1745232560658 2.0615802907790894 161
1745232574316 2.0617031930668257 162
1745232587968 2.060192897981608 163
1745232601813 2.0591755322845806 164
1745232615891 2.0596842466563476 165
1745232630227 2.056850943333865 166
1745232644428 2.058157045809147 167
1745232658618 2.0564104963865986 168
1745232672543 2.0563864908382743 169
1745232686700 2.055660291087507 170
1745232700725 2.0548674095486232 171
1745232714547 2.0536777283456105 172
1745232728680 2.0535039943073317 173
1745232742966 2.052268628524276 174
1745232756890 2.052753968786772 175
1745232770937 2.051069200934608 176
1745232785358 2.050051424425282 177
1745232799599 2.0495256445847825 178
1745232813925 2.049416036459767 179
1745232827943 2.048817414651026 180
1745232842134 2.048945733066139 181
1745232856240 2.0477199371201045 182
1745232870204 2.047175208408074 183
1745232884355 2.0461965588153586 184
1745232898641 2.046501497671904 185
1745232912539 2.0455377428389587 186
1745232926357 2.045432912856779 187
1745232940007 2.0448132692896905 188
1745232954031 2.045517402027349 189
1745232968244 2.0448606018980744 190
1745232982299 2.0436892775789737 191
1745232996318 2.042504986005077 192
1745233010419 2.0418389009960864 193
1745233024690 2.042046153799683 194
1745233039173 2.041028007335676 195
1745233053375 2.0412165473844386 196
1745233067778 2.039621695224705 197
1745233081734 2.0393949604024404 198
1745233095756 2.04087201643386 199
1745233109893 2.039498208807065 200
1745233124241 2.0385138055246235 201
1745233138091 2.0384451829495176 202
1745233152242 2.0383373531049016 203
1745233166400 2.0393848351417043 204
1745233180620 2.0389934638941822 205
1745233194786 2.039356756440202 206
1745233209101 2.03763378279369 207
1745233223556 2.0366948530478806 208
1745233237483 2.036330600958529 209
1745233251255 2.0363897282901107 210
1745233265139 2.0348857323028 211
1745233278778 2.035292437130185 212
1745233292315 2.0348824555161573 213
1745233305956 2.0352816353260392 214
1745233320028 2.034244813748446 215
1745233334248 2.0347039965006823 216
1745233348081 2.0339098913158975 217
1745233362211 2.0344268931604423 218
1745233376339 2.0336228726653305 219
1745233390196 2.0340437014791184 220
1745233404275 2.033301176976987 221
1745233418480 2.0333843075925935 222
1745233432566 2.0335728734286955 223
1745233446879 2.0319576728752353 224
1745233460646 2.0325430153691753 225
1745233474481 2.0319136361324923 226
1745233488210 2.032112057790154 227
1745233501914 2.0319475276272754 228
1745233516140 2.031281918074314 229
1745233530330 2.0298217034492736 230
1745233544494 2.029766799056039 231
1745233558500 2.0296738818397464 232
1745233572826 2.0296906006513473 233
1745233586849 2.029847256273983 234
1745233600565 2.0304537898007062 235
1745233614606 2.028774431575843 236
1745233628626 2.0300256920686386 237
1745233642587 2.0295656085070717 238
1745233656890 2.0285131249321564 239
1745233671185 2.0292572514813654 240
1745233685075 2.028877350742474 241
1745233699292 2.027661039642348 242
1745233713099 2.0281364127317114 243
1745233727414 2.028409746776563 244
1745233741277 2.027874785863386 245
1745233755370 2.0278349074857256 246
1745233769468 2.0276280658217027 247
1745233783449 2.02709603005689 248
1745233797617 2.026942784969623 249
1745233812038 2.02778799978436 250
1745233826118 2.0276034065530473 251
1745233840067 2.026824954303687 252
1745233853687 2.027294021214117 253
1745233867897 2.0272368206108204 254
1745233882079 2.027204463498752 255
1745233896162 2.0276028381745923 256
1745233910268 2.0274020176116236 257
1745233924307 2.027268892915911 258
1745233938258 2.02636568250934 259
1745233952682 2.026236832143442 260
1745233966897 2.0259156982849356 261
1745233980895 2.0266746851095334 262
1745233994862 2.0257733309263313 263
1745234008647 2.025365494819575 264
1745234022800 2.025234945625781 265
1745234036785 2.0249474527813045 266
1745234050907 2.0249821952817797 267
1745234065097 2.024578274982837 268
1745234079113 2.0251470886189655 269
1745234092994 2.0245147242550217 270
1745234106642 2.02353996432732 271
1745234120220 2.0249476733031444 272
1745234134193 2.0239023203832756 273
1745234148676 2.025184043522215 274
1745234162763 2.02423538325551 275
1745234176809 2.023473915517543 276
1745234191131 2.0247247487341045 277
1745234205386 2.0242765478855573 278
1745234219225 2.0244345129626096 279
1745234233390 2.024245333488672 280
1745234247609 2.0242572775805083 281
1745234261894 2.023741593157709 282
1745234275886 2.023305270405891 283
1745234290256 2.023093785899572 284
1745234304152 2.0230903160429867 285
1745234318397 2.0232112376021707 286
1745234332537 2.023068441559583 287
1745234347149 2.0238864537016865 288
1745234361237 2.023745866848634 289
1745234375149 2.023249069583446 290
1745234389175 2.0242650341156425 291
1745234403328 2.0231009027605524 292
1745234417791 2.024862881511851 293
1745234431878 2.0229923213859875 294
1745234445944 2.0246635922906075 295
1745234460042 2.023302739576138 296
1745234473865 2.0240804986286784 297
1745234487993 2.0236220908808877 298
1745234502116 2.023246919804383 299
1745234515864 2.022869333422838 300
1745234530126 2.022698370715546 301
1745234544152 2.023142314936845 302
1745234557882 2.0224766237892213 303
1745234571936 2.0222666578922466 304
1745234586052 2.023275869913766 305
1745234600407 2.0223145929109205 306
1745234614671 2.022418159755051 307
1745234628631 2.021793819379849 308
1745234642870 2.021708518232228 309
1745234656898 2.022197650213886 310
1745234670709 2.0219392711081365 311
1745234684552 2.0215289445328533 312
1745234698231 2.022533897665956 313
1745234711985 2.0222305884430543 314
1745234725873 2.0213579342126247 315
1745234740090 2.022787619117505 316
1745234754232 2.0223145455782805 317
1745234768383 2.0214770587506465 318
1745234782522 2.0211617117477547 319
1745234796622 2.0208325706212498 320
1745234810327 2.0213373129347283 321
1745234824504 2.021384331827945 322
1745234838501 2.020944184737578 323
1745234852323 2.0208642776709436 324
1745234866142 2.0206455299321493 325
1745234879903 2.020934852233964 326
1745234893551 2.0209484847827013 327
1745234907247 2.0210199779202553 328
1745234921046 2.020908577603332 329
1745234934858 2.020867937252696 330
1745234948553 2.021334002429432 331
1745234962546 2.020632378591014 332
1745234976420 2.0212487392127514 333
1745234990347 2.0212480352581577 334
1745235004023 2.0217241213076402 335
1745235017812 2.02129126131259 336
1745235031454 2.020458050103511 337
1745235045143 2.0207094228526983 338
1745235058882 2.021368481831084 339
1745235072658 2.02113777747164 340
1745235086308 2.0212571696699695 341
1745235099806 2.02030706100288 342
1745235113502 2.021247798392957 343
1745235127742 2.0208385065182286 344
1745235141839 2.0216303176570336 345
1745235156316 2.0212955623442332 346
1745235170361 2.0212322762357355 347
1745235184401 2.020694485815033 348
1745235198560 2.020561970341301 349
1745235212643 2.0205752454109307 350
1745235226716 2.02081831393058 351
1745235240819 2.020825051111038 352
1745235255434 2.0205866342794874 353
1745235269535 2.020918308215051 354
1745235283662 2.0201182511610463 355
1745235297701 2.020563578082013 356
1745235311662 2.021772442918745 357
1745235325190 2.0211097920386294 358
1745235339289 2.0206304762799006 359
1745235353593 2.0207465258170547 360
1745235367392 2.021554484503041 361
1745235381916 2.020961894268133 362
1745235396150 2.0219065983564026 363
1745235410177 2.0212490718659857 364
1745235424091 2.0211435837006433 365
1745235438109 2.0206736290624607 366
1745235452151 2.0209461727084457 367
1745235466215 2.020672793498168 368
1745235480188 2.0206200879845437 369
1745235494276 2.020138692325306 370
1745235508139 2.0206933405114076 371
1745235522173 2.02060866422447 372
1745235535973 2.02054104375402 373
1745235550181 2.0206750402083764 374
1745235564199 2.0205228616126876 375
1745235578225 2.0206008045932182 376
1745235592214 2.020646650829564 377
1745235606231 2.0204398814963036 378
1745235620412 2.0204709357996604 379
1745235634165 2.020583417407539 380
1745235647972 2.0203918960977374 381
1745235661850 2.0200982867791377 382
1745235676147 2.0199620237119085 383
1745235690056 2.0200276317849237 384
1745235704328 2.019959007300978 385
1745235717997 2.0203251359156695 386
1745235731934 2.0201236713096695 387
1745235745490 2.0204981243086744 388
1745235759356 2.0203711847818138 389
1745235773394 2.0207407262948265 390
1745235787486 2.0205326856855037 391
1745235801487 2.020554367968043 392
1745235815742 2.0203969147245817 393
1745235829728 2.0212467049161216 394
1745235844028 2.020798973043885 395
1745235858111 2.0207031479652637 396
1745235872021 2.0207592985456158 397
1745235886479 2.0212831190071245 398
1745235900365 2.021187348804112 399
1745235914549 2.0215405537525664 400
1745235928383 2.021002039286696 401
1745235942606 2.0210945385157086 402
1745235956472 2.0208039231075365 403
1745235970643 2.021062853172603 404
1745235984628 2.0211915425054285 405
1745235998661 2.02079251274692 406
1745236012757 2.020889899577161 407
1745236026803 2.0203612394311463 408
1745236040603 2.0209442086004192 409
1745236054615 2.0205999455278087 410
1745236068817 2.0205691630860847 411
1745236082949 2.020542933500304 412
1745236096843 2.0206646952964444 413
1745236110619 2.0203172981428996 414
1745236124543 2.0212924049641843 415
1745236138697 2.020795159801346 416
1745236152926 2.0203166589291217 417
1745236166836 2.02035693914644 418
1745236180895 2.020351958928137 419
1745236195124 2.0202530442042956 420
1745236209355 2.020248064416617 421
1745236223336 2.020299375032166 422
1745236236909 2.0202703536349143 423
1745236251194 2.0210912115433453 424
1745236265328 2.0205355038120247 425
1745236279544 2.020359729097615 426
1745236293439 2.0197366947897746 427
1745236307180 2.0216419923253524 428
1745236321264 2.0208331425151638 429
1745236335307 2.0205429827856287 430
1745236349450 2.0205111326121292 431
1745236363595 2.0193390770431274 432
1745236377617 2.0215192092970145 433
1745236391443 2.020604012623279 434
1745236405450 2.021535592361934 435
1745236419367 2.0205394665461256 436
1745236433564 2.0205277965105397 437
1745236447530 2.0206956119065578 438
1745236461771 2.021601536274802 439
1745236475597 2.020977550358858 440
1745236489508 2.0211298713588186 441
1745236503564 2.0209966168267957 442
1745236517670 2.0211942340785614 443
1745236531634 2.021289117006368 444
1745236545687 2.0212495009148257 445
1745236559967 2.0213363574063794 446
1745236574188 2.0214240327947226 447
1745236587902 2.0217391128544926 448
1745236601741 2.0214807168072064 449
1745236615551 2.021527859777331 450
1745236629412 2.0212664760041634 451
1745236643423 2.022208522989588 452
1745236657524 2.0215233772861554 453
1745236671439 2.0222385304652315 454
1745236685289 2.02203453195169 455
1745236699549 2.0224311314640664 456
1745236713690 2.0226424670942245 457
1745236727872 2.0227010889521426 458
1745236741861 2.0234547447900204 459
1745236755588 2.0232672781651013 460
1745236769179 2.0232219860887843 461
1745236783303 2.0230677592097934 462
1745236797420 2.0227453404643696 463
1745236811329 2.022411575058601 464
1745236825064 2.022501179054317 465
1745236838685 2.0224149421079787 466
1745236852474 2.022770681415738 467
1745236866320 2.02290581882833 468
1745236880071 2.0229610162558127 469
1745236893673 2.0233097690251154 470
1745236907489 2.023321701411805 471
1745236921199 2.0234055070002173 472
1745236935100 2.0227976365006297 473
1745236948694 2.0227991935584466 474
1745236962473 2.0227960151106985 475
1745236976008 2.0228415993537507 476
1745236989904 2.0228032296654206 477
1745237004007 2.0227766953277184 478
1745237017882 2.022569626186101 479
1745237031966 2.023109303880522 480
1745237046124 2.0223668728230466 481
1745237060102 2.022452748031013 482
1745237074299 2.022433037934226 483
1745237088166 2.0230339726463695 484
1745237102083 2.0227789346272766 485
1745237116211 2.0227236437567044 486
1745237130282 2.022740313167104 487
1745237144411 2.02254494953589 488
1745237158833 2.0222416798192295 489
1745237172832 2.0233060589123606 490
1745237186894 2.022997369287444 491
1745237200913 2.0223629054147163 492
1745237215095 2.023212740662069 493
1745237229051 2.023118688802056 494
1745237243080 2.0229145856077 495
1745237257250 2.022904397818773 496
1745237271567 2.023513942376756 497
1745237285693 2.0233157881186785 498
1745237299839 2.0235054249546014 499
1745237313840 2.0235559134922227 500
