1743804606119 0.06346373500856653 0
1743804615293 0.10501142204454597 1
1743804623744 0.15298400913763563 2
1743804633429 0.10750999428897773 3
1743804641848 0.1078669331810394 4
1743804651410 0.12764134780125644 5
1743804660876 0.11386350656767562 6
1743804669845 0.12157338663620788 7
1743804679747 0.12371501998857795 8
1743804688176 0.08973443746430611 9
1743804696682 0.08980582524271845 10
1743804706551 0.09123358081096516 11
1743804716202 0.0835237007424329 12
1743804724965 0.08459451741861793 13
1743804733565 0.08794974300399772 14
1743804742452 0.08473729297544261 15
1743804751746 0.0875214163335237 16
1743804761044 0.11714734437464307 17
1743804770380 0.11172187321530554 18
1743804779396 0.11079383209594518 19
1743804789150 0.10850942318675043 20
1743804798178 0.09123358081096516 21
1743804806841 0.09580239862935465 22
1743804815636 0.09144774414620217 23
1743804824654 0.12914049114791548 24
1743804834162 0.13827812678469445 25
1743804842965 0.14263278126784695 26
1743804852671 0.14584523129640206 27
1743804861277 0.13642204454597373 28
1743804869761 0.12071673329525985 29
1743804879809 0.10037121644774415 30
1743804888113 0.08473729297544261 31
1743804897388 0.1012992575671045 32
1743804907367 0.09958595088520845 33
1743804916179 0.21473443746430612 34
1743804924977 0.10708166761850371 35
1743804934369 0.2615648201027984 36
1743804943500 0.3030411193603655 37
1743804952720 0.35079954311821815 38
1743804961539 0.364577384351799 39
1743804969818 0.3394488863506568 40
1743804978926 0.34294688749286123 41
1743804987930 0.27434323243860653 42
1743804996719 0.26527698458023985 43
1743805005491 0.10122786978869218 44
1743805013613 0.11379211878926328 45
