1743804606120 2.3395231173588678 0
1743804615294 2.340689482543891 1
1743804623745 2.335391605881331 2
1743804633430 2.308675951970498 3
1743804641849 2.2923675456925667 4
1743804651411 2.2908414647063116 5
1743804660877 2.2947964463549564 6
1743804669846 2.2984054093284128 7
1743804679748 2.3013854450744464 8
1743804688177 2.3040632523876186 9
1743804696683 2.3046304097115886 10
1743804706552 2.304504369836374 11
1743804716203 2.3036255684223073 12
1743804724970 2.303858260818372 13
1743804733566 2.303227936603089 14
1743804742453 2.302433999749117 15
1743804751747 2.300890763629101 16
1743804761045 2.2968391667538337 17
1743804770381 2.2973953633487545 18
1743804779397 2.2986275323175147 19
1743804789151 2.297810820774017 20
1743804798178 2.303912515759681 21
1743804806842 2.3023287921130975 22
1743804815637 2.301846218919498 23
1743804824655 2.3018531064014742 24
1743804834163 2.3010017732388217 25
1743804842966 2.299739509575695 26
1743804852671 2.299144503980715 27
1743804861277 2.3006041459832507 28
1743804869762 2.3026168675243537 29
1743804879810 2.303818067924281 30
1743804888113 2.304236606579134 31
1743804897388 2.3030330918982544 32
1743804907368 2.294491965271706 33
1743804916180 2.283413270505042 34
1743804924978 2.279077940720778 35
1743804934370 2.267832784789193 36
1743804943501 2.2531550086674836 37
1743804952721 2.2424730302609355 38
1743804961540 2.233560609220392 39
1743804969818 2.2404839217556183 40
1743804978927 2.256965670048231 41
1743804987930 2.2686708462259637 42
1743804996720 2.2759831003724784 43
1743805005492 2.2907192296333516 44
1743805013613 2.286561861831515 45
