1745223461908 0.03497258680843994 0
1745223475946 0.059478318657584316 1
1745223490194 0.078418341917262 2
1745223504078 0.10159494932713076 3
1745223518000 0.11879049676025918 4
1745223532027 0.1329124439275627 5
1745223545635 0.14844658581159662 6
1745223559491 0.15907958132580163 7
1745223573647 0.17536135570692807 8
1745223587904 0.18217311845821565 9
1745223601922 0.18815417843495597 10
1745223616059 0.19812261172952317 11
1745223630132 0.20235919587971424 12
1745223644257 0.21041701279282274 13
1745223658233 0.21614886193719887 14
1745223672285 0.22063465691975412 15
1745223686283 0.22412360857285263 16
1745223700138 0.22212992191393918 17
1745223714166 0.23126765243395914 18
1745223728047 0.23517195547433128 19
1745223741780 0.23940853962452235 20
1745223755827 0.2438943346070776 21
1745223769973 0.2443096859943512 22
1745223783944 0.24846319986708756 23
1745223798056 0.2539458381790995 24
1745223811987 0.2590961953812926 25
1745223826188 0.2614221631500249 26
1745223840258 0.25976075760093037 27
1745223854138 0.26557567702276125 28
1745223868030 0.26557567702276125 29
1745223882252 0.26748629340422 30
1745223896249 0.27072603422495434 31
1745223909919 0.2684831367336767 32
1745223923541 0.27521182920750953 33
1745223937182 0.2777870078086061 34
1745223950740 0.2797806944675195 35
1745223964664 0.2806113972420668 36
1745223978690 0.28335271639807275 37
1745223992601 0.2840172786177106 38
1745224006341 0.287838511380628 39
1745224020324 0.2891676358199036 40
1745224034320 0.2925735171955474 41
1745224048365 0.29232430636318324 42
1745224062258 0.29689317162319323 43
1745224075960 0.29822229606246886 44
1745224089877 0.2983884366173783 45
1745224104085 0.3007974746635654 46
1745224118006 0.3017943179930221 47
1745224132082 0.3031234424322977 48
1745224145988 0.3042864263166639 49
1745224159999 0.3061139724206679 50
1745224174189 0.3065293238079415 51
1745224188108 0.3071108157501246 52
1745224202002 0.30628011297557733 53
1745224215932 0.3089383618541286 54
1745224229996 0.3096859943512211 55
1745224243942 0.3115135404552251 56
1745224257637 0.31408871905632163 57
1745224271384 0.3135902973915933 58
1745224285142 0.3159162651603256 59
1745224298853 0.31982056820069776 60
1745224312653 0.3193221465359694 61
1745224326627 0.3199036384781525 62
1745224340832 0.32156504402724706 63
1745224354725 0.3226449576341585 64
1745224368659 0.32405715235088883 65
1745224382478 0.3236418009636152 66
1745224396377 0.3251370659578003 67
1745224410596 0.3268815417843496 68
1745224424531 0.3272968931716232 69
1745224438717 0.3260508390098023 70
1745224452418 0.3292075095530819 71
1745224466002 0.33037049343744807 72
1745224479754 0.3291244392756272 73
1745224493989 0.3308689151021764 74
1745224507891 0.33236418009636154 75
1745224521764 0.3341086559229108 76
1745224535309 0.3356869911945506 77
1745224549473 0.3360192723043695 78
1745224563402 0.3368499750789168 79
1745224577284 0.3375145372985546 80
1745224591360 0.3375145372985546 81
1745224605412 0.3366838345240073 82
1745224619529 0.339508223957468 83
1745224633460 0.3410865592291078 84
1745224647289 0.3426648945007476 85
1745224661383 0.3414188403389267 86
1745224675475 0.34208340255856456 87
1745224689694 0.34374480810765906 88
1745224703669 0.34432630004984216 89
1745224717636 0.3462369164313009 90
1745224731658 0.34773218142548595 91
1745224745663 0.34673533809602924 92
1745224759774 0.3462369164313009 93
1745224773794 0.3465691975411198 94
1745224787339 0.34914437614221633 95
1745224801353 0.35014121947167304 96
1745224815411 0.35130420335603924 97
1745224829503 0.3512211330785845 98
1745224843545 0.35429473334440936 99
1745224857708 0.3536301711247716 100
1745224871992 0.3547931550091377 101
1745224885852 0.3547931550091377 102
1745224899931 0.35645456055823227 103
1745224914192 0.35554078750623025 104
1745224928495 0.3572021930553248 105
1745224942597 0.3575344741651437 106
1745224956578 0.3572021930553248 107
1745224970507 0.35894666888187404 108
1745224984028 0.3599435122113308 109
1745224997772 0.35911280943678353 110
1745225011673 0.3596112311015119 111
1745225025644 0.3606080744309686 112
1745225039985 0.36052500415351385 113
1745225053863 0.3603588635986044 114
1745225067958 0.36168798803788005 115
1745225082134 0.3624356205349726 116
1745225096271 0.36293404219970093 117
1745225110522 0.36368167469679347 118
1745225124767 0.36226947998006315 119
1745225138869 0.36326632330951986 120
1745225152923 0.3630171124771557 121
1745225166862 0.36409702608406713 122
1745225180891 0.3631001827546104 123
1745225195011 0.36700448579498257 124
1745225209066 0.36609071274298055 125
1745225223164 0.3667552749626184 126
1745225237042 0.3675029074597109 127
1745225250937 0.36700448579498257 128
1745225265032 0.36667220468516365 129
1745225279057 0.36725369662734675 130
1745225293242 0.368084399401894 131
1745225307313 0.36766904801462036 132
1745225321310 0.3674198371822562 133
1745225335372 0.3681674696793487 134
1745225349429 0.36891510217644125 135
1745225363429 0.3693304535637149 136
1745225377540 0.36949659411862434 137
1745225391562 0.36883203189898656 138
1745225405485 0.3699950157833527 139
1745225419380 0.37074264828044523 140
1745225433501 0.37099185911280946 141
1745225447377 0.36982887522844327 142
1745225461340 0.37132414022262833 143
1745225475346 0.37065957800299054 144
1745225489497 0.3709087888353547 145
1745225503381 0.37165642133244725 146
1745225517485 0.3714902807775378 147
1745225531258 0.37232098355208504 148
1745225545174 0.3724040538295398 149
1745225559062 0.37323475660408706 150
1745225573043 0.3737331782688154 151
1745225587259 0.37439774048845326 152
1745225601289 0.37381624854627016 153
1745225615539 0.37423159993354377 154
1745225629436 0.3737331782688154 155
1745225643508 0.374148529656089 156
1745225657601 0.37481309187572687 157
1745225671741 0.3761422163150025 158
1745225685705 0.37539458381790997 159
1745225699795 0.37688984881209503 160
1745225713849 0.3763914271473667 161
1745225727752 0.37688984881209503 162
1745225741697 0.37763748130918756 163
1745225755858 0.3775544110317329 164
1745225769904 0.3775544110317329 165
1745225784014 0.3783020435288254 166
1745225798000 0.378717394916099 167
1745225812116 0.37846818408373484 168
1745225825960 0.3795480976906463 169
1745225840287 0.3799634490779199 170
1745225854389 0.3802957301877388 171
1745225868160 0.37888353547100845 172
1745225882156 0.3798803788004652 173
1745225896300 0.380544941020103 174
1745225910382 0.3801295896328294 175
1745225924343 0.38004651935537465 176
1745225938441 0.3802126599102841 177
1745225952633 0.38046187074264826 178
1745225966718 0.3798803788004652 179
1745225980513 0.3802126599102841 180
1745225994626 0.3811264329622861 181
1745226008468 0.3811264329622861 182
1745226022498 0.3811264329622861 183
1745226036617 0.38120950323974084 184
1745226050821 0.38129257351719553 185
1745226064856 0.38245555740156173 186
1745226078898 0.38287090878883534 187
1745226092868 0.38278783851138065 188
1745226106723 0.38303704934374483 189
1745226120825 0.38386775211829205 190
1745226134840 0.3837016115633826 191
1745226148679 0.38461538461538464 192
1745226162776 0.3842831035055657 193
1745226176995 0.38378468184083736 194
1745226190997 0.3841169629506563 195
1745226204993 0.38403389267320154 196
1745226219541 0.38444924406047515 197
1745226233596 0.38536301711247717 198
1745226247652 0.3856952982222961 199
1745226261591 0.3851968765575677 200
1745226275421 0.3865260009968433 201
1745226289225 0.3861106496095697 202
1745226303343 0.3857783684997508 203
1745226317497 0.3857783684997508 204
1745226331555 0.3856952982222961 205
1745226345572 0.3858614387772055 206
1745226359616 0.3867752118292075 207
1745226373781 0.38702442266157167 208
1745226387697 0.3875228443263001 209
1745226401662 0.386941352384117 210
1745226415884 0.3873567037713906 211
1745226429804 0.38727363349393584 212
1745226443638 0.3867752118292075 213
1745226457660 0.38743977404884533 214
1745226471881 0.3871074929390264 215
1745226486090 0.3875228443263001 216
1745226500148 0.38660907127429806 217
1745226514146 0.3875228443263001 218
1745226528235 0.38802126599102843 219
1745226542000 0.3883535471008473 220
1745226556070 0.3881043362684831 221
1745226570137 0.3885196876557568 222
1745226584318 0.3883535471008473 223
1745226598555 0.3895165309852135 224
1745226612412 0.38959960126266824 225
1745226626536 0.3891842498753946 226
1745226640607 0.38943346070775875 227
1745226654616 0.3896826715401229 228
1745226668821 0.38943346070775875 229
1745226683009 0.39001495264994185 230
1745226697256 0.3898488120950324 231
1745226711083 0.3901810932048513 232
1745226725307 0.39001495264994185 233
1745226739458 0.390264163482306 234
1745226753375 0.3907625851470344 235
1745226767625 0.39117793653430805 236
1745226781716 0.3908456554244891 237
1745226795697 0.39092872570194387 238
1745226809914 0.39209170958631 239
1745226823929 0.39200863930885527 240
1745226837739 0.3914271473666722 241
1745226851999 0.39217477986376476 242
1745226865899 0.39242399069612893 243
1745226880165 0.3923409204186742 244
1745226893942 0.3914271473666722 245
1745226908091 0.39200863930885527 246
1745226922093 0.39184249875394583 247
1745226936032 0.3930885529157667 248
1745226950103 0.3919255690314006 249
1745226964196 0.3910948662568533 250
1745226978099 0.3917594284764911 251
1745226992299 0.39217477986376476 252
1745227006165 0.3923409204186742 253
1745227020385 0.3915102176441269 254
1745227034435 0.39242399069612893 255
1745227048469 0.3919255690314006 256
1745227062524 0.3926732015284931 257
1745227076431 0.39259013125103837 258
1745227090091 0.3926732015284931 259
1745227104088 0.39283934208340254 260
1745227118170 0.39200863930885527 261
1745227132066 0.39184249875394583 262
1745227145855 0.39159328792158166 263
1745227159673 0.3926732015284931 264
1745227173669 0.39200863930885527 265
1745227187658 0.39275627180594785 266
1745227201749 0.3919255690314006 267
1745227215739 0.39259013125103837 268
1745227229872 0.39242399069612893 269
1745227243985 0.39225785014121944 270
1745227257915 0.3930885529157667 271
1745227271856 0.3929224123608573 272
1745227285994 0.3930885529157667 273
1745227300254 0.39400232596776874 274
1745227314370 0.393919255690314 275
1745227328387 0.3935869745804951 276
1745227342629 0.3932546934706762 277
1745227356755 0.3933377637481309 278
1745227370559 0.3940853962452235 279
1745227384568 0.3936700448579498 280
1745227398666 0.3935869745804951 281
1745227412878 0.39317162319322146 282
1745227427120 0.3936700448579498 283
1745227441302 0.3936700448579498 284
1745227454971 0.3947499584648613 285
1745227468776 0.3949160990197707 286
1745227482409 0.39541452068449906 287
1745227496354 0.39541452068449906 288
1745227510292 0.3952483801295896 289
1745227524089 0.39433460707758766 290
1745227538159 0.3952483801295896 291
1745227552275 0.394833028742316 292
1745227566475 0.394833028742316 293
1745227580476 0.3945007476324971 294
1745227594605 0.39441767735504235 295
1745227608772 0.39458381790995184 296
1745227622623 0.39541452068449906 297
1745227636613 0.3950822395746802 298
1745227650692 0.39558066123940855 299
1745227664593 0.39533145040704437 300
1745227678655 0.3947499584648613 301
1745227692522 0.39541452068449906 302
1745227706217 0.39466688818740653 303
1745227720307 0.394833028742316 304
1745227734410 0.3954975909619538 305
1745227748546 0.39466688818740653 306
1745227762525 0.3952483801295896 307
1745227776332 0.3952483801295896 308
1745227790431 0.39599601262668216 309
1745227804218 0.39541452068449906 310
1745227817913 0.3952483801295896 311
1745227832105 0.3950822395746802 312
1745227846002 0.3952483801295896 313
1745227859978 0.395746801794318 314
1745227874156 0.39533145040704437 315
1745227888267 0.39541452068449906 316
1745227902132 0.3952483801295896 317
1745227916154 0.3956637315168633 318
1745227930244 0.39599601262668216 319
1745227944161 0.395746801794318 320
1745227958052 0.39533145040704437 321
1745227972086 0.3964944342914105 322
1745227986132 0.3969097856786842 323
1745227999942 0.39699285595613887 324
1745228013725 0.39682671540122944 325
1745228027424 0.39657750456886526 326
1745228040996 0.3964944342914105 327
1745228054933 0.3964944342914105 328
1745228068972 0.39624522345904634 329
1745228083055 0.39715899651104836 330
1745228096991 0.3974912776208673 331
1745228111079 0.39682671540122944 332
1745228125283 0.3967436451237747 333
1745228139197 0.39699285595613887 334
1745228152839 0.39774048845323146 335
1745228166944 0.39740820734341253 336
1745228180914 0.3969097856786842 337
1745228194996 0.3973251370659578 338
1745228209004 0.39757434789832197 339
1745228223098 0.3973251370659578 340
1745228237098 0.39699285595613887 341
1745228250666 0.3969097856786842 342
1745228264696 0.3974912776208673 343
1745228278590 0.3969097856786842 344
1745228292331 0.3973251370659578 345
1745228306167 0.3970759262335936 346
1745228320085 0.3973251370659578 347
1745228334044 0.3974912776208673 348
1745228348028 0.3973251370659578 349
1745228361958 0.39798969928559563 350
1745228375962 0.39774048845323146 351
1745228389988 0.39740820734341253 352
1745228403773 0.3973251370659578 353
1745228417530 0.39774048845323146 354
1745228431285 0.39774048845323146 355
1745228444913 0.3976574181757767 356
1745228458813 0.3979066290081409 357
1745228472285 0.3976574181757767 358
1745228486082 0.39798969928559563 359
1745228499946 0.3983219803954145 360
1745228513801 0.39798969928559563 361
1745228527591 0.39840505067286924 362
1745228541344 0.3979066290081409 363
1745228555238 0.3985711912277787 364
1745228568755 0.39840505067286924 365
1745228582484 0.39898654261505234 366
1745228596078 0.39882040206014285 367
1745228609715 0.39873733178268816 368
1745228623453 0.39840505067286924 369
1745228637298 0.3983219803954145 370
1745228651233 0.3989034723375976 371
1745228665224 0.39940189400232595 372
1745228678980 0.3991526831699618 373
1745228693260 0.3986542615052334 374
1745228707171 0.39873733178268816 375
1745228721141 0.3985711912277787 376
1745228735038 0.3990696128925071 377
1745228749038 0.3990696128925071 378
1745228763039 0.3992357534474165 379
1745228776657 0.3990696128925071 380
1745228790407 0.39940189400232595 381
1745228803971 0.39940189400232595 382
1745228817749 0.39898654261505234 383
1745228831308 0.39931882372487126 384
1745228845194 0.3991526831699618 385
1745228858731 0.39965110483469013 386
1745228872670 0.39956803455723544 387
1745228886034 0.3997341751121449 388
1745228899750 0.39940189400232595 389
1745228913416 0.3994849642797807 390
1745228927516 0.39965110483469013 391
1745228941464 0.3997341751121449 392
1745228955552 0.3999003156670543 393
1745228969341 0.40039873733178266 394
1745228983121 0.40056487788669215 395
1745228996747 0.4004818076092374 396
1745229010483 0.4008140887190563 397
1745229024600 0.40056487788669215 398
1745229038512 0.40039873733178266 399
1745229052603 0.40056487788669215 400
1745229066375 0.4000664562219638 401
1745229080428 0.4001495264994185 402
1745229094260 0.4006479481641469 403
1745229108224 0.3999003156670543 404
1745229122088 0.4001495264994185 405
1745229135974 0.40056487788669215 406
1745229149843 0.400315667054328 407
1745229163821 0.40039873733178266 408
1745229177545 0.4007310184416016 409
1745229191488 0.40089715899651107 410
1745229205524 0.40056487788669215 411
1745229219568 0.400315667054328 412
1745229233584 0.40089715899651107 413
1745229247716 0.40056487788669215 414
1745229261347 0.4004818076092374 415
1745229275119 0.40056487788669215 416
1745229288934 0.400315667054328 417
1745229302563 0.4006479481641469 418
1745229316601 0.4008140887190563 419
1745229330555 0.40039873733178266 420
1745229344718 0.40098022927396576 421
1745229358736 0.4010632995514205 422
1745229372655 0.4010632995514205 423
1745229386884 0.40114636982887525 424
1745229401011 0.4010632995514205 425
1745229415194 0.40156172121614886 426
1745229428777 0.4008140887190563 427
1745229442207 0.4010632995514205 428
1745229456229 0.4013955806612394 429
1745229470194 0.4007310184416016 430
1745229484160 0.4008140887190563 431
1745229498288 0.4007310184416016 432
1745229512239 0.4013125103837847 433
1745229526297 0.4013125103837847 434
1745229539973 0.4013125103837847 435
1745229553815 0.4013955806612394 436
1745229568047 0.4013955806612394 437
1745229582004 0.40114636982887525 438
1745229596386 0.40122944010632994 439
1745229610284 0.40122944010632994 440
1745229624204 0.40089715899651107 441
1745229638149 0.4008140887190563 442
1745229652224 0.40122944010632994 443
1745229666244 0.40122944010632994 444
1745229680206 0.4013955806612394 445
1745229694311 0.4016447914936036 446
1745229708742 0.40122944010632994 447
1745229722427 0.4014786509386941 448
1745229736395 0.40089715899651107 449
1745229750532 0.4008140887190563 450
1745229764704 0.40098022927396576 451
1745229778635 0.4013955806612394 452
1745229792569 0.40156172121614886 453
1745229806531 0.40122944010632994 454
1745229820327 0.40089715899651107 455
1745229834581 0.4013955806612394 456
1745229848924 0.40114636982887525 457
1745229862765 0.40156172121614886 458
1745229876696 0.4020601428808772 459
1745229890508 0.4013125103837847 460
1745229904514 0.40156172121614886 461
