1745223461908 4.669050978181141 0
1745223475947 4.535301168358792 1
1745223490195 4.393718177603794 2
1745223504078 4.231638036389569 3
1745223518001 4.1062757337529305 4
1745223532028 3.970562535556939 5
1745223545635 3.862261242052746 6
1745223559492 3.7689542304873216 7
1745223573648 3.679099257275957 8
1745223587904 3.618471310839226 9
1745223601922 3.546409834278086 10
1745223616060 3.48088265808253 11
1745223630133 3.4228502434559758 12
1745223644261 3.3835790332699585 13
1745223658234 3.313386028832175 14
1745223672286 3.257580209925877 15
1745223686284 3.217774578105907 16
1745223700138 3.174454589785022 17
1745223714167 3.1474742333946133 18
1745223728048 3.110966012501927 19
1745223741781 3.081106957491329 20
1745223755828 3.0341772320091147 21
1745223769973 3.0032652556370065 22
1745223783945 2.9670853658652496 23
1745223798057 2.9445006127565936 24
1745223811987 2.91093363690246 25
1745223826189 2.8866247997257877 26
1745223840259 2.8652923730252517 27
1745223854139 2.8447908992625024 28
1745223868030 2.823000385962699 29
1745223882253 2.798431757419437 30
1745223896249 2.7714415725638455 31
1745223909919 2.7589639882647523 32
1745223923542 2.735145669566728 33
1745223937183 2.71390109419973 34
1745223950740 2.696612429460992 35
1745223964665 2.675965118390665 36
1745223978691 2.656857412569961 37
1745223992602 2.6411490146354146 38
1745224006342 2.6145144232735507 39
1745224020325 2.603567595727908 40
1745224034321 2.592010926691711 41
1745224048366 2.577621929870528 42
1745224062259 2.5577904163613545 43
1745224075961 2.55088231607664 44
1745224089877 2.536800483198615 45
1745224104086 2.519438785081553 46
1745224118007 2.514418576083398 47
1745224132083 2.496982528074492 48
1745224145988 2.4816784276311865 49
1745224159999 2.4710178087743806 50
1745224174189 2.4628949973351717 51
1745224188109 2.456248689607293 52
1745224202002 2.4501283103275218 53
1745224215933 2.4347362606377096 54
1745224229997 2.4220105457726824 55
1745224243942 2.4149204894317804 56
1745224257637 2.397970905282408 57
1745224271385 2.390028359810812 58
1745224285143 2.37963382766346 59
1745224298854 2.3709738241268234 60
1745224312653 2.3700402485893375 61
1745224326628 2.3617041812643578 62
1745224340833 2.3557573095145674 63
1745224354725 2.347705330265926 64
1745224368660 2.3372500554986138 65
1745224382479 2.328227821569976 66
1745224396378 2.3228230264355725 67
1745224410597 2.3171426717688326 68
1745224424532 2.3125552052820666 69
1745224438717 2.307809911533633 70
1745224452419 2.3023662999391354 71
1745224466002 2.294707051291592 72
1745224479755 2.287260281477169 73
1745224493990 2.2827430791517123 74
1745224507892 2.27428801599522 75
1745224521764 2.2674489702908818 76
1745224535310 2.262222593267358 77
1745224549474 2.2543706951107785 78
1745224563403 2.2531798954531643 79
1745224577285 2.250822216140818 80
1745224591361 2.2478186311329447 81
1745224605412 2.2383018375670725 82
1745224619530 2.235253291816058 83
1745224633461 2.2295949038786764 84
1745224647289 2.229708941863985 85
1745224661384 2.222962061708191 86
1745224675476 2.217562922031101 87
1745224689695 2.2125773804247406 88
1745224703670 2.2088767791956903 89
1745224717637 2.2041540974363554 90
1745224731658 2.201367024120888 91
1745224745664 2.1979126770764954 92
1745224759774 2.194997457557989 93
1745224773795 2.192388187403336 94
1745224787340 2.186240136485583 95
1745224801354 2.183741024402121 96
1745224815411 2.1791935768221147 97
1745224829504 2.1745000163288166 98
1745224843546 2.1716443430467933 99
1745224857708 2.168680451356247 100
1745224871992 2.165247046587947 101
1745224885853 2.1639853027712252 102
1745224899932 2.161717461068974 103
1745224914193 2.1572625369785614 104
1745224928496 2.1548448149498496 105
1745224942598 2.1520598679593053 106
1745224956579 2.1483916002394223 107
1745224970507 2.1484248609152496 108
1745224984028 2.147289439403194 109
1745224997772 2.1442627110692722 110
1745225011674 2.142221447943188 111
1745225025644 2.138512413593314 112
1745225039986 2.137387247252685 113
1745225053863 2.1335649615378376 114
1745225067959 2.1317849231961397 115
1745225082134 2.1276333128149494 116
1745225096272 2.1284451190947533 117
1745225110523 2.124855159059599 118
1745225124768 2.1241964855775106 119
1745225138870 2.1212542616378967 120
1745225152924 2.119772827483717 121
1745225166862 2.1173170535641592 122
1745225180892 2.1160274725556123 123
1745225195012 2.113398184175374 124
1745225209067 2.110888062679953 125
1745225223164 2.109570493447951 126
1745225237043 2.1074183735371688 127
1745225250938 2.1076740834857297 128
1745225265033 2.1064633922122917 129
1745225279058 2.105383245715227 130
1745225293242 2.104043313457516 131
1745225307314 2.1021363249924714 132
1745225321311 2.10274254704797 133
1745225335373 2.100803130107825 134
1745225349429 2.099960496216173 135
1745225363430 2.0978050521563563 136
1745225377541 2.0969151199715834 137
1745225391562 2.094147185443855 138
1745225405485 2.0926823073754597 139
1745225419381 2.091435143521299 140
1745225433502 2.0911768867018443 141
1745225447377 2.0896996372873016 142
1745225461341 2.0887862086646845 143
1745225475347 2.088287510792089 144
1745225489498 2.0862616707593165 145
1745225503381 2.085532165177483 146
1745225517485 2.0836030137625348 147
1745225531258 2.0821671422293777 148
1745225545175 2.080738657682245 149
1745225559063 2.0806062805140253 150
1745225573044 2.0786733771288732 151
1745225587259 2.077860147117967 152
1745225601289 2.0774189998192565 153
1745225615540 2.0777026177730415 154
1745225629437 2.0778514219650757 155
1745225643509 2.076322764975652 156
1745225657601 2.074009843086084 157
1745225671741 2.072983214294224 158
1745225685705 2.0723062702597517 159
1745225699796 2.0705960627556 160
1745225713849 2.0702072309597095 161
1745225727752 2.070113585786616 162
1745225741698 2.0702527448779247 163
1745225755859 2.0694805164643326 164
1745225769905 2.0680902972911377 165
1745225784015 2.0671856757308213 166
1745225798001 2.066918950200632 167
1745225812117 2.0655828426995666 168
1745225825961 2.0654114190396666 169
1745225840287 2.0656728826810853 170
1745225854390 2.064665026333263 171
1745225868160 2.0645641352027693 172
1745225882157 2.063687653354784 173
1745225896300 2.062185053651375 174
1745225910383 2.061428471695054 175
1745225924344 2.061114361540216 176
1745225938442 2.0600610644395685 177
1745225952633 2.0597876258704932 178
1745225966719 2.059432500231887 179
1745225980513 2.059109901805017 180
1745225994626 2.058071282727095 181
1745226008468 2.057722275352443 182
1745226022498 2.0565737284134293 183
1745226036618 2.055390130980594 184
1745226050821 2.0552103025020547 185
1745226064857 2.053927383959895 186
1745226078899 2.054584219149804 187
1745226092869 2.054114520086266 188
1745226106723 2.0540559352408843 189
1745226120826 2.053039187065139 190
1745226134841 2.0524002047910965 191
1745226148679 2.0514710576732704 192
1745226162777 2.050961187428013 193
1745226176996 2.050539311677681 194
1745226190998 2.050023682193127 195
1745226204993 2.049851221515131 196
1745226219542 2.0492193011982747 197
1745226233597 2.0490451913237724 198
1745226247653 2.049889786205732 199
1745226261592 2.048563828396667 200
1745226275422 2.046475838887035 201
1745226289226 2.048368481558228 202
1745226303343 2.047892665138962 203
1745226317498 2.048006766017318 204
1745226331556 2.0475456048619 205
1745226345573 2.046410469898109 206
1745226359617 2.0454371078061224 207
1745226373782 2.0451786300749175 208
1745226387698 2.044093891577392 209
1745226401662 2.0448924798695365 210
1745226415885 2.0448618668087293 211
1745226429805 2.044778987283013 212
1745226443639 2.043921836472174 213
1745226457660 2.043318573371384 214
1745226471881 2.043233895004923 215
1745226486091 2.0435033634104562 216
1745226500149 2.0431400319829915 217
1745226514147 2.0431969610394023 218
1745226528236 2.043144966331211 219
1745226542001 2.0433896893103767 220
1745226556071 2.0431849748184323 221
1745226570137 2.042811621201294 222
1745226584319 2.041989374255974 223
1745226598555 2.042141642335359 224
1745226612413 2.041822402144165 225
1745226626537 2.041729234384483 226
1745226640607 2.0417399505554954 227
1745226654617 2.0409750604720966 228
1745226668822 2.040329983535435 229
1745226683009 2.0396818480117322 230
1745226697257 2.0395386552625268 231
1745226711083 2.039537551893863 232
1745226725307 2.038961514802403 233
1745226739459 2.0393953385718633 234
1745226753375 2.039909572972 235
1745226767626 2.0386775957029775 236
1745226781717 2.0390747725312175 237
1745226795697 2.037852171427966 238
1745226809915 2.038894770465738 239
1745226823930 2.0382194990318028 240
1745226837740 2.038185846350207 241
1745226851999 2.0377323797153495 242
1745226865900 2.0377241733878186 243
1745226880166 2.0375697137290762 244
1745226893943 2.0374506567019584 245
1745226908091 2.03690550553042 246
1745226922093 2.037099907419771 247
1745226936032 2.036720676851052 248
1745226950103 2.0364201186227167 249
1745226964197 2.037371355994828 250
1745226978099 2.0370689041477235 251
1745226992299 2.0364432506554513 252
1745227006165 2.0366460225345606 253
1745227020386 2.036563955513606 254
1745227034435 2.0366213087081757 255
1745227048470 2.0365478818051552 256
1745227062525 2.0361868998692687 257
1745227076432 2.0361055494460327 258
1745227090092 2.0355252494871894 259
1745227104088 2.035114079687201 260
1745227118171 2.0355686595089524 261
1745227132067 2.035901128426789 262
1745227145856 2.0351495297250626 263
1745227159674 2.0346335931757435 264
1745227173669 2.03508759258975 265
1745227187659 2.0348761519241 266
1745227201749 2.034848819296931 267
1745227215740 2.034898408973991 268
1745227229872 2.034621455315571 269
1745227243985 2.034013519717358 270
1745227257916 2.034150513614825 271
1745227271857 2.0345434925686092 272
1745227285994 2.0337915836186307 273
1745227300254 2.0344551202910393 274
1745227314371 2.034116672462353 275
1745227328388 2.034034128522813 276
1745227342630 2.034646295036098 277
1745227356756 2.0348808658694884 278
1745227370559 2.0354441549987565 279
1745227384569 2.035434597750054 280
1745227398667 2.034364781396862 281
1745227412878 2.0342024158687964 282
1745227427121 2.0339089647066997 283
1745227441303 2.0342720423133347 284
1745227454971 2.0340900663685755 285
1745227468777 2.0339478834924853 286
1745227482410 2.0336135445446866 287
1745227496354 2.0341270215114085 288
1745227510293 2.033747359657736 289
1745227524089 2.033809180864332 290
1745227538160 2.034013244274498 291
1745227552275 2.03438308948871 292
1745227566476 2.0338850674454707 293
1745227580477 2.034789002965157 294
1745227594606 2.0342589449568074 295
1745227608773 2.034971440750393 296
1745227622623 2.034692758494638 297
1745227636614 2.034388487182241 298
1745227650693 2.0340481616443897 299
1745227664594 2.03374539294091 300
1745227678655 2.034267947445739 301
1745227692523 2.0336673883137935 302
1745227706218 2.034017487524211 303
1745227720308 2.0337007668663243 304
1745227734411 2.032910376182746 305
1745227748547 2.0334295646990985 306
1745227762526 2.0333179654635742 307
1745227776333 2.033073644571479 308
1745227790432 2.0327620360798297 309
1745227804218 2.033434519139457 310
1745227817914 2.0330960512718717 311
1745227832106 2.0329865411177637 312
1745227846003 2.033656154623386 313
1745227859979 2.0335692960068976 314
1745227874157 2.0327394386677495 315
1745227888268 2.033268659412798 316
1745227902132 2.033134485423853 317
1745227916155 2.0330652828888516 318
1745227930245 2.032410946530973 319
1745227944161 2.0323945587879098 320
1745227958053 2.032870454186775 321
1745227972087 2.0321296605916896 322
1745227986133 2.031868818838865 323
1745227999943 2.0319402488578815 324
1745228013725 2.031521676973404 325
1745228027425 2.031980239855499 326
1745228040997 2.031877667565226 327
1745228054933 2.031704203899403 328
1745228068973 2.0316000069550677 329
1745228083056 2.031533150175393 330
1745228096991 2.0318123181250702 331
1745228111079 2.0319656906488963 332
1745228125284 2.031767682626862 333
1745228139198 2.0320492472347715 334
1745228152839 2.0319898194903936 335
1745228166944 2.0318885869313283 336
1745228180915 2.0315987550586576 337
1745228194996 2.0315501370920184 338
1745228209004 2.032085698732136 339
1745228223098 2.0319772804967866 340
1745228237098 2.031587543300329 341
1745228250667 2.0311969342888556 342
1745228264697 2.032207848218408 343
1745228278591 2.0316169278390044 344
1745228292332 2.0321530319449654 345
1745228306168 2.0315111496944973 346
1745228320086 2.0312277742494373 347
1745228334045 2.031342572931509 348
1745228348029 2.031418480121536 349
1745228361959 2.0316704299368245 350
1745228375963 2.031629998692573 351
1745228389989 2.0312196088045797 352
1745228403774 2.0313330095914317 353
1745228417531 2.031665691500667 354
1745228431286 2.030854339089312 355
1745228444914 2.0309571106880964 356
1745228458814 2.032059584713348 357
1745228472286 2.0321267615407144 358
1745228486083 2.0312443476713673 359
1745228499947 2.031260877111696 360
1745228513801 2.0318029491076603 361
1745228527592 2.0318880641880708 362
1745228541345 2.0321692563937885 363
1745228555239 2.0318849567760813 364
1745228568756 2.0314794206078086 365
1745228582485 2.0312110845965714 366
1745228596079 2.0324806987991875 367
1745228609715 2.0320760487082024 368
1745228623454 2.03184717491789 369
1745228637299 2.0315868020411574 370
1745228651234 2.0309768403500956 371
1745228665224 2.0315156629502447 372
1745228678980 2.0313619625852133 373
1745228693261 2.0319928099777504 374
1745228707171 2.03152014857245 375
1745228721142 2.030872448192093 376
1745228735038 2.031445700775467 377
1745228749039 2.0310714506505416 378
1745228763040 2.030791693293858 379
1745228776658 2.0313428170656445 380
1745228790408 2.031089497713694 381
1745228803971 2.0310170378249426 382
1745228817750 2.0308749845354006 383
1745228831309 2.0308255753900735 384
1745228845195 2.030906605754657 385
1745228858732 2.0310405887766714 386
1745228872671 2.030981385280989 387
1745228886034 2.031534530501147 388
1745228899750 2.031495800226952 389
1745228913416 2.031408286927101 390
1745228927517 2.031136063958302 391
1745228941465 2.031226023449122 392
1745228955553 2.031789846359719 393
1745228969341 2.0317110544702444 394
1745228983121 2.0311809693059533 395
1745228996748 2.0320516418933416 396
1745229010483 2.03194858774405 397
1745229024601 2.0319090109927633 398
1745229038512 2.0322595176409526 399
1745229052603 2.032140432317914 400
1745229066375 2.031953536456325 401
1745229080428 2.031990982277359 402
1745229094260 2.031765789656378 403
1745229108225 2.0320558764037338 404
1745229122089 2.0323182435024307 405
1745229135975 2.0317637492198313 406
1745229149844 2.031841356510836 407
1745229163821 2.0314664275312233 408
1745229177546 2.0319059289484502 409
1745229191489 2.031616747548421 410
1745229205524 2.031532051628154 411
1745229219569 2.031570116783789 412
1745229233585 2.03141340029752 413
1745229247717 2.0312979860797356 414
1745229261348 2.0322463862275364 415
1745229275119 2.0317209199581416 416
1745229288935 2.031430633816149 417
1745229302563 2.0314552723490777 418
1745229316601 2.031191880111248 419
1745229330556 2.0312128460826293 420
1745229344719 2.0310334087078963 421
1745229358736 2.031122376629476 422
1745229372655 2.0308474993592376 423
1745229386885 2.0314115614557076 424
1745229401012 2.031637700724785 425
1745229415195 2.0317217220981716 426
1745229428777 2.0313116094867136 427
1745229442208 2.0319587394905194 428
1745229456229 2.0316070888791202 429
1745229470194 2.0318514061414454 430
1745229484161 2.0318337383892615 431
1745229498289 2.0316686066162717 432
1745229512240 2.0316100379639237 433
1745229526298 2.032265728734944 434
1745229539973 2.0319313384003754 435
1745229553815 2.0325469947386785 436
1745229568048 2.0321742777265186 437
1745229582005 2.0322579177736158 438
1745229596387 2.0315092693201606 439
1745229610284 2.032602622511571 440
1745229624205 2.0325929326854393 441
1745229638150 2.03232776336826 442
1745229652225 2.031915867366852 443
1745229666245 2.032707827943195 444
1745229680207 2.0328498623901905 445
1745229694312 2.0324977495170855 446
1745229708743 2.0328657407597013 447
1745229722428 2.032750476928394 448
1745229736395 2.0329894217943987 449
1745229750532 2.0334440354146643 450
1745229764705 2.0332368025309577 451
1745229778635 2.033174928357592 452
1745229792570 2.033036459824552 453
1745229806532 2.0337691721845044 454
1745229820328 2.033658436162475 455
1745229834582 2.033716418080818 456
1745229848924 2.034108749638966 457
1745229862766 2.0337106886532386 458
1745229876696 2.0345030794058743 459
1745229890509 2.034462300470994 460
1745229904514 2.0342571802731695 461
