1743796683459 0.009707883692509776 0
1743796688299 0.017496172627303134 1
1743796693117 0.022132354787771192 2
1743796697945 0.025275174464912523 3
1743796702841 0.02687188345517141 4
1743796707640 0.028326071565013596 5
1743796712439 0.028998935172574476 6
1743796717305 0.029705466900294634 7
1743796722077 0.03003285238195369 8
1743796726866 0.030332148457836734 9
1743796731664 0.030613268479519916 10
1743796736513 0.030853400358669448 11
1743796741305 0.030947066180105454 12
1743796746092 0.03108779692616688 13
1743796750920 0.03131258806267688 14
1743796755663 0.03138361978743682 15
1743796760472 0.03139088397107637 16
1743796765241 0.03151774139592914 17
1743796770039 0.031594160987281954 18
1743796774835 0.031695253445749215 19
1743796779641 0.03169838305785498 20
1743796784822 0.03178932143765932 21
1743796789993 0.03192958465766828 22
1743796795034 0.03196770485802157 23
1743796800173 0.03205893038869206 24
1743796805212 0.03210693127981178 25
1743796810149 0.03211233846407168 26
1743796815261 0.03224523740362642 27
1743796820389 0.03228818681329278 28
1743796825479 0.03227681957831252 29
1743796830589 0.03240859706170075 30
1743796835703 0.03239597505270687 31
1743796840788 0.03245020007236838 32
1743796845848 0.03255386596141613 33
1743796850962 0.0325440562263927 34
1743796856100 0.03259902924098906 35
1743796861196 0.03269150725038996 36
1743796866315 0.03264689792844433 37
1743796871408 0.032713880670174264 38
1743796876309 0.0327769684672622 39
1743796881208 0.032814769889581034 40
