1743796683459 2.2198708204592146 0
1743796688299 2.0733214786177006 1
1743796693117 1.9353571256944155 2
1743796697946 1.7995505244319505 3
1743796702842 1.6721820013011084 4
1743796707640 1.5553509686124678 5
1743796712439 1.4479054750952818 6
1743796717305 1.354750103383286 7
1743796722078 1.2721808951901286 8
1743796726866 1.2016972581949383 9
1743796731664 1.1389182053580698 10
1743796736513 1.0852288470056441 11
1743796741306 1.0377474616649975 12
1743796746092 0.9972152846828369 13
1743796750921 0.9596071702689521 14
1743796755663 0.9274743302419722 15
1743796760473 0.8992767736144643 16
1743796765242 0.8748354250409162 17
1743796770039 0.8517236454146249 18
1743796774836 0.8319303051279513 19
1743796779642 0.8131582587704963 20
1743796784822 0.7957174861339129 21
1743796789993 0.7814014858413546 22
1743796795035 0.7685956505986004 23
1743796800174 0.7550088268859495 24
1743796805213 0.7437223973719947 25
1743796810149 0.7327470166979257 26
1743796815262 0.722334173507112 27
1743796820389 0.7133503146602814 28
1743796825479 0.7041297946570508 29
1743796830590 0.6963161906536333 30
1743796835703 0.687769101366454 31
1743796840789 0.6809075638825737 32
1743796845848 0.6741757865573769 33
1743796850963 0.6681298338074525 34
1743796856100 0.660550322535795 35
1743796861196 0.6541989857964421 36
1743796866315 0.6481762938334649 37
1743796871408 0.642702019514869 38
1743796876310 0.6373865919525276 39
1743796881209 0.6336685656328873 40
