1743797999902 0.0009672436436697438 0
1743798003718 0.0011953858755072877 1
1743798007189 0.001237678682241812 2
1743798010889 0.0013405793025531706 3
1743798014357 0.0013202305108285554 4
1743798017985 0.001336556109058837 5
1743798021568 0.0013588483001209103 6
1743798025275 0.0013655473666569955 7
1743798029033 0.0013763598064745724 8
1743798032367 0.0013671746646480253 9
1743798035829 0.00137910459710129 10
1743798039556 0.001382081314372114 11
1743798043349 0.001384737783230926 12
1743798047179 0.0013865611862659227 13
1743798050698 0.0013903181679944235 14
1743798054553 0.0013924296578925284 15
1743798058656 0.0013895296532658525 16
1743798062618 0.0013914925539382102 17
1743798066571 0.0013950575006080584 18
1743798070509 0.001396448612741878 19
1743798074638 0.0013949782581423177 20
1743798078585 0.0013987600440426668 21
1743798082352 0.0013966632510474227 22
1743798086248 0.0013995107606063204 23
