1743797999903 1.274814723013552 0
1743798003719 0.5960855832773265 1
1743798007190 0.4541404096877839 2
1743798010890 0.26346353626575103 3
1743798014358 0.2724170772287135 4
1743798017986 0.2245814910668743 5
1743798021569 0.18457398569088077 6
1743798025275 0.15914831095844115 7
1743798029034 0.13611524824137602 8
1743798032367 0.14904070401356817 9
1743798035829 0.12382375433770706 10
1743798039556 0.11617654725869248 11
1743798043350 0.10902482387822202 12
1743798047180 0.10334380096939187 13
1743798050698 0.08807677100506263 14
1743798054554 0.0851163956266807 15
1743798058657 0.08718728269041143 16
1743798062619 0.0924231493802525 17
1743798066572 0.07540793211478615 18
1743798070510 0.07617314214577019 19
1743798074639 0.07210359236939597 20
1743798078586 0.06898615171207984 21
1743798082353 0.07412438282017791 22
1743798086249 0.06773144938252929 23
