1745251516774 0.031898986542615054 0
1745251530718 0.05391261006811763 1
1745251545005 0.07758763914271474 2
1745251559022 0.10009968433294567 3
1745251572908 0.11555075593952484 4
1745251586773 0.12867585977737164 5
1745251600598 0.13640139558066125 6
1745251614354 0.15600598105997673 7
1745251628334 0.16638976574181757 8
1745251642384 0.18051171290912113 9
1745251656089 0.18773882704768233 10
1745251669750 0.1907293570360525 11
1745251683470 0.19970094700116298 12
1745251697110 0.21216148861937198 13
1745251710706 0.22462203023758098 14
1745251724827 0.22271141385612228 15
1745251738643 0.2324306363183253 16
1745251752510 0.2327629174281442 17
1745251766549 0.24198371822561887 18
1745251780353 0.2505399568034557 19
1745251794142 0.2552749626183751 20
1745251808106 0.2604253198205682 21
1745251822121 0.26499418508057815 22
1745251835918 0.2752948994849643 23
1745251849949 0.27870078086060807 24
1745251863829 0.27886692141551755 25
1745251877860 0.2874231599933544 26
1745251891754 0.28792158165808274 27
1745251905560 0.2897491277620867 28
1745251919328 0.2989699285595614 29
1745251933435 0.3052832696461206 30
1745251947391 0.3061970426981226 31
1745251961075 0.30885529157667385 32
1745251974642 0.31325801628177435 33
1745251988195 0.3184914437614222 34
1745252001666 0.3209004818076092 35
1745252015201 0.3257185578999834 36
1745252028726 0.3319488287090879 37
1745252042215 0.3284598770559894 38
1745252055899 0.3370161156338262 39
1745252069569 0.3434955972752949 40
1745252083173 0.3458215650440272 41
1745252097152 0.3560392091709586 42
1745252110784 0.3593620202691477 43
1745252124421 0.358365176939691 44
1745252138009 0.3597773716564213 45
1745252151883 0.36143877720551587 46
1745252165673 0.36542615052334276 47
1745252179714 0.37132414022262833 48
1745252193574 0.3767237082571856 49
1745252207528 0.3813756437946503 50
1745252221652 0.3845323143379299 51
1745252235573 0.37921581658082737 52
1745252249444 0.38561222794484135 53
1745252263042 0.38901810932048514 54
1745252276734 0.39342083402558564 55
1745252290297 0.3985711912277787 56
1745252303894 0.39965110483469013 57
1745252317556 0.40596444592124936 58
1745252331237 0.41310848978235587 59
1745252344897 0.4140222628343579 60
1745252358280 0.41053331118125935 61
1745252372075 0.411862435620535 62
1745252385781 0.4202525336434624 63
1745252399679 0.41576673866090713 64
1745252413737 0.4198371822561887 65
1745252427356 0.42573517195547433 66
1745252441103 0.4263997341751121 67
1745252454915 0.43113473999003155 68
1745252468738 0.4333776374813092 69
1745252482728 0.4371157999667719 70
1745252496770 0.4333776374813092 71
1745252510676 0.4336268483136734 72
1745252524697 0.44185080578169134 73
1745252538684 0.44027247051005153 74
1745252552518 0.4489117793653431 75
1745252566566 0.4497424821398903 76
1745252580353 0.4489948496427978 77
1745252594168 0.44725037381624855 78
1745252608076 0.45505897989699284 79
1745252621913 0.4579664396079083 80
1745252635839 0.4537298554577172 81
1745252649804 0.46187074264828043 82
1745252663705 0.46004319654427644 83
1745252677169 0.4622860940355541 84
1745252690977 0.46934706761920586 85
1745252704928 0.4744974248213989 86
1745252718670 0.4758265492606745 87
1745252732790 0.47258680843994016 88
1745252746842 0.47358365176939693 89
1745252760749 0.4794816414686825 90
1745252774710 0.48056155507559395 91
1745252788578 0.48056155507559395 92
1745252802583 0.4890347233759761 93
1745252816596 0.48870244226615717 94
1745252830407 0.48895165309852134 95
1745252844432 0.4846319986708756 96
1745252858450 0.48994849642797805 97
1745252872434 0.4896162153181592 98
1745252886387 0.4940189400232597 99
1745252900315 0.4928559561388935 100
1745252914275 0.49676025917926564 101
1745252928149 0.499086226947998 102
1745252942253 0.49991692972254526 103
1745252956419 0.5063133410865592 104
1745252970624 0.5095530819072935 105
1745252984529 0.5076424655258348 106
1745252998485 0.5101345738494767 107
1745253012347 0.5105499252367502 108
1745253025953 0.512792822728028 109
1745253039896 0.5176939690978568 110
1745253053453 0.5205183585313174 111
1745253067334 0.5259179265658748 112
1745253081341 0.524007310184416 113
1745253095084 0.52583485628842 114
1745253108990 0.5220966938029573 115
1745253123021 0.5260840671207841 116
1745253136731 0.5245057318491444 117
1745253150564 0.5244226615716896 118
1745253164273 0.5266655590629673 119
1745253178215 0.5277454726698787 120
1745253192184 0.5309021432131583 121
1745253206147 0.5374646951320817 122
1745253219985 0.5374646951320817 123
1745253233945 0.536467851802625 124
1745253247944 0.5356371490280778 125
1745253261909 0.5337265326466191 126
1745253275752 0.5439441767735504 127
1745253289642 0.5391261006811763 128
1745253303710 0.5402060142880877 129
1745253317772 0.5387107492939026 130
1745253331885 0.5421166306695464 131
1745253345920 0.5417012792822729 132
1745253359949 0.541036717062635 133
1745253373929 0.5466854959295564 134
1745253387951 0.548346901478651 135
1745253401973 0.5499252367502907 136
1745253415958 0.5536633992357535 137
1745253429921 0.5577338428310351 138
1745253443792 0.5524173450739326 139
1745253457635 0.5545771722877555 140
1745253471518 0.5538295397906629 141
1745253485360 0.5614720053164978 142
1745253499240 0.5596444592124937 143
1745253513438 0.5538295397906629 144
1745253527586 0.558647615883037 145
1745253541326 0.5603090214321316 146
1745253555004 0.5613058647615883 147
1745253568563 0.5649609569695963 148
1745253582087 0.5653763083568699 149
1745253595612 0.5643794650274132 150
1745253609213 0.565044027247051 151
1745253622959 0.562302708091045 152
1745253636558 0.5630503405881375 153
1745253650440 0.5647948164146869 154
1745253663974 0.5661239408539624 155
1745253677664 0.5685329789001495 156
1745253691341 0.5615550755939525 157
1745253705061 0.5699451736168799 158
1745253718644 0.5716065791659745 159
1745253732361 0.5736833361023426 160
1745253746250 0.576590795813258 161
1745253760069 0.57750456886526 162
1745253773955 0.5786675527496262 163
1745253787703 0.580245888021266 164
1745253801833 0.5796643960790829 165
1745253816074 0.5783352716398072 166
1745253829978 0.5799136069114471 167
1745253843752 0.5769230769230769 168
1745253857237 0.5743478983219804 169
1745253871001 0.5831533477321814 170
1745253884680 0.5795813258016281 171
1745253898061 0.5805781691310848 172
1745253911672 0.5809935205183585 173
1745253925418 0.5841501910616381 174
1745253939480 0.5824887855125436 175
1745253953358 0.580245888021266 176
1745253967345 0.5827379963449077 177
1745253981397 0.5844824721714571 178
1745253995386 0.5894666888187406 179
1745254009203 0.590878883535471 180
1745254023170 0.5922080079747466 181
1745254037109 0.5902973915932879 182
1745254050963 0.5902143213158332 183
1745254064895 0.591792656587473 184
1745254079036 0.5891344077089218 185
1745254093061 0.5912942349227447 186
1745254107069 0.589965110483469 187
1745254121032 0.5942847649111148 188
1745254134863 0.5928725701943844 189
1745254148575 0.5951985379631168 190
1745254162452 0.6004319654427646 191
1745254175989 0.5961123110151187 192
1745254189625 0.5986874896162153 193
1745254203386 0.5969430137896661 194
1745254217054 0.5958631001827546 195
1745254230793 0.6021764412693138 196
1745254244665 0.6038378468184084 197
1745254258350 0.6050008307027746 198
1745254271910 0.5969430137896661 199
1745254285483 0.6016780196045854 200
1745254299402 0.602757933211497 201
1745254313127 0.6030071440438611 202
1745254326795 0.603671706263499 203
1745254340537 0.6009303871074929 204
1745254354162 0.6025087223791328 205
1745254367796 0.6090712742980562 206
1745254381472 0.6064130254195049 207
1745254395251 0.6070775876391428 208
1745254408720 0.6099850473500581 209
1745254422277 0.6041701279282273 210
1745254436322 0.6094866256853297 211
1745254449881 0.6083236418009637 212
1745254463310 0.6074098687489616 213
1745254476859 0.6108988204020601 214
1745254490643 0.608822063465692 215
1745254504763 0.6120618042864263 216
1745254518507 0.609403555407875 217
1745254532256 0.611563382621698 218
1745254545793 0.6128094367835188 219
1745254559201 0.6124771556737 220
1745254572829 0.6092374148529656 221
1745254586513 0.6118125934540621 222
1745254600130 0.6169629506562552 223
1745254613903 0.6158830370493438 224
1745254627411 0.6148031234424323 225
1745254641409 0.617627512875893 226
1745254655371 0.61704602093371 227
1745254669253 0.6175444425984383 228
1745254683342 0.6137232098355209 229
1745254697135 0.6182090048180761 230
1745254710857 0.6213656753613557 231
1745254724229 0.6197042698122611 232
1745254738145 0.6216979564711747 233
1745254752237 0.6199534806446253 234
1745254766110 0.6241069945173617 235
1745254780025 0.6206180428642631 236
1745254794014 0.6207011131417179 237
1745254807857 0.6275128758930055 238
1745254821996 0.6226947998006314 239
1745254836033 0.6231101511879049 240
1745254849780 0.6236085728526334 241
1745254863844 0.6193719887024423 242
1745254877626 0.617627512875893 243
1745254891612 0.624937697291909 244
1745254905286 0.6279282272802791 245
1745254919271 0.6290081408871906 246
1745254933246 0.6236085728526334 247
1745254947048 0.6246054161820901 248
1745254961014 0.626432962286094 249
1745254975058 0.6252699784017278 250
1745254988853 0.624937697291909 251
1745255003117 0.6193719887024423 252
1745255016681 0.6251038378468184 253
1745255030848 0.6275959461704602 254
1745255044912 0.6292573517195548 255
1745255058985 0.6254361189566373 256
1745255072912 0.6280943678351886 257
1745255086778 0.6275128758930055 258
1745255100594 0.6262668217311845 259
1745255114588 0.6279282272802791 260
1745255128540 0.6241069945173617 261
1745255142292 0.6270975245057319 262
1745255156042 0.625851470343911 263
1745255169694 0.6240239242399069 264
1745255183589 0.6275959461704602 265
1745255197361 0.6285927894999169 266
1745255211297 0.6280943678351886 267
1745255225206 0.6277620867253697 268
1745255239260 0.6311679681010135 269
1745255253351 0.6298388436617378 270
1745255267136 0.6280943678351886 271
1745255280916 0.6335770061472006 272
1745255294771 0.6328293736501079 273
1745255309227 0.6354045522512045 274
1745255323196 0.6322478817079249 275
1745255337060 0.6305034058813757 276
1745255351264 0.6283435786675527 277
1745255365008 0.6282605083900981 278
1745255378413 0.6322478817079249 279
1745255392120 0.6350722711413856 280
1745255405745 0.635570692806114 281
1745255419470 0.6386442930719388 282
1745255433265 0.6339923575344741 283
1745255447041 0.6360691144708424 284
1745255460533 0.63374314670211 285
1745255474266 0.6368998172453896 286
1745255488015 0.6348230603090215 287
1745255502182 0.6339092872570194 288
1745255516044 0.6368167469679349 289
1745255529754 0.6377305200199369 290
1745255543919 0.6344077089217478 291
1745255557858 0.6351553414188403 292
1745255571894 0.6367336766904802 293
1745255585822 0.6360691144708424 294
1745255599880 0.6359860441933876 295
1745255613894 0.6360691144708424 296
1745255627887 0.6364844658581159 297
1745255641782 0.6334939358697458 298
1745255655787 0.6378966605748463 299
1745255669737 0.6404718391759429 300
1745255683936 0.6384781525170294 301
1745255697691 0.6368998172453896 302
1745255711070 0.6411364013955807 303
1745255725033 0.6371490280777538 304
1745255738978 0.6380628011297558 305
1745255752955 0.6343246386442931 306
1745255766804 0.6378135902973916 307
1745255780646 0.6402226283435787 308
1745255794839 0.6378135902973916 309
1745255808808 0.6378966605748463 310
1745255822730 0.6417178933377637 311
1745255836800 0.6403056986210334 312
1745255850853 0.6365675361355707 313
1745255864564 0.6368167469679349 314
1745255878361 0.6417178933377637 315
1745255892357 0.6409702608406712 316
1745255906188 0.6414686825053996 317
1745255919813 0.6466190397075926 318
1745255933455 0.6457883369330454 319
1745255947029 0.6419671041701279 320
1745255960586 0.6427147366672205 321
1745255974247 0.643462369164313 322
1745255987875 0.6458714072105001 323
1745256001499 0.6422163150024921 324
1745256015225 0.6428808772221299 325
1745256028853 0.6422993852799468 326
1745256042378 0.645289915268317 327
1745256055967 0.6436285097192225 328
1745256069647 0.6432962286094036 329
1745256083330 0.6422163150024921 330
1745256096905 0.6432131583319488 331
1745256110721 0.6477820235919588 332
1745256124318 0.6469513208174116 333
1745256138078 0.6444592124937697 334
1745256151666 0.6458714072105001 335
1745256165354 0.6441269313839508 336
1745256179259 0.6426316663897658 337
1745256193231 0.6442930719388603 338
1745256207217 0.6456221963781359 339
1745256221222 0.6496926399734175 340
1745256235094 0.6457052666555906 341
1745256248754 0.6460375477654096 342
1745256262507 0.6445422827712245 343
1745256276652 0.6421332447250374 344
1745256290556 0.6464528991526832 345
1745256304628 0.6466190397075926 346
1745256318525 0.6442930719388603 347
1745256332396 0.6477820235919588 348
1745256346164 0.6442100016614055 349
1745256359743 0.6413856122279449 350
1745256373693 0.6477820235919588 351
1745256387821 0.6414686825053996 352
1745256402034 0.6468682505399568 353
1745256415967 0.648031234424323 354
1745256429985 0.6464528991526832 355
1745256443824 0.6472836019272304 356
1745256457947 0.644376142216315 357
1745256471573 0.6440438611064961 358
1745256485525 0.6454560558232264 359
1745256499289 0.6474497424821399 360
1745256513168 0.6447084233261339 361
1745256527181 0.6460375477654096 362
1745256541233 0.6474497424821399 363
1745256555498 0.6458714072105001 364
1745256569219 0.6481973749792325 365
1745256583224 0.6508556238577837 366
1745256597096 0.6499418508057817 367
1745256611115 0.6483635155341418 368
1745256625090 0.648612726366506 369
1745256639151 0.6501910616381459 370
1745256652988 0.6506894833028742 371
1745256666818 0.651686326632331 372
1745256680482 0.6472836019272304 373
1745256694577 0.6521016780196046 374
1745256708363 0.6523508888519688 375
1745256722250 0.6501079913606912 376
1745256736089 0.6491111480312344 377
1745256749651 0.6491942183086892 378
1745256763374 0.6539292241236085 379
1745256776905 0.6540122944010633 380
1745256790550 0.6538461538461539 381
1745256804041 0.6525170294068782 382
1745256817710 0.6525170294068782 383
1745256831187 0.6548429971756106 384
1745256844998 0.6532646619039708 385
1745256858441 0.6496095696959627 386
1745256872259 0.6538461538461539 387
1745256885564 0.6518524671872404 388
1745256899201 0.6514371157999668 389
1745256912809 0.6520186077421498 390
1745256926535 0.6545937863432464 391
1745256940158 0.6507725535803289 392
1745256953976 0.6510217644126931 393
1745256967555 0.6536800132912444 394
1745256981249 0.6566705432796146 395
1745256994824 0.6563382621697956 396
1745257008207 0.6564213324472504 397
1745257021946 0.649858780528327 398
1745257035356 0.6492772885861439 399
1745257049082 0.6507725535803289 400
1745257062461 0.651686326632331 401
1745257076155 0.6560890513374315 402
1745257089632 0.6560890513374315 403
1745257103260 0.6558398405050673 404
1745257116978 0.6552583485628842 405
1745257130495 0.6540122944010633 406
1745257144079 0.6560059810599768 407
1745257157728 0.6558398405050673 408
1745257171110 0.6589965110483469 409
1745257184690 0.6560890513374315 410
1745257198387 0.6566705432796146 411
1745257212327 0.6579165974414355 412
1745257226328 0.6570858946668882 413
1745257239975 0.6566705432796146 414
1745257253475 0.6569197541119788 415
1745257267026 0.6592457218807111 416
1745257280606 0.6552583485628842 417
1745257294451 0.6530985213490613 418
1745257308169 0.6570028243894335 419
1745257321724 0.6567536135570693 420
1745257335460 0.6585811596610732 421
1745257349100 0.6546768566207011 422
1745257362896 0.6548429971756106 423
1745257376994 0.6545107160657917 424
1745257390994 0.6570858946668882 425
1745257405034 0.6584980893836185 426
1745257418839 0.6562551918923409 427
1745257432496 0.6526831699617877 428
1745257446464 0.655922910782522 429
1745257460274 0.6589134407708922 430
1745257473904 0.6555075593952484 431
1745257487671 0.6567536135570693 432
1745257501178 0.6562551918923409 433
1745257515154 0.6554244891177936 434
1745257529020 0.6557567702276126 435
1745257542734 0.6551752782854294 436
1745257556809 0.6545937863432464 437
1745257570673 0.6574181757767071 438
1745257584418 0.6565044027247051 439
1745257598101 0.654095364678518 440
1745257611884 0.6584980893836185 441
1745257625728 0.65500913773052 442
1745257639737 0.657750456886526 443
1745257653580 0.6570028243894335 444
1745257667459 0.6558398405050673 445
1745257681473 0.6591626516032564 446
1745257695533 0.6604087057650773 447
1745257709139 0.6584980893836185 448
1745257723049 0.656836683834524 449
1745257737138 0.6569197541119788 450
1745257751211 0.65500913773052 451
1745257764828 0.6520186077421498 452
1745257778746 0.6530985213490613 453
1745257792449 0.6546768566207011 454
1745257806177 0.6584980893836185 455
1745257820297 0.6561721216148861 456
1745257834077 0.6551752782854294 457
1745257848284 0.6590795813258016 458
1745257862219 0.6547599268981559 459
1745257876096 0.6573351054992523 460
1745257889984 0.65500913773052 461
1745257903929 0.6552583485628842 462
1745257917945 0.6597441435454394 463
1745257931998 0.661405549094534 464
1745257945895 0.6600764246552584 465
1745257959669 0.6584150191061638 466
1745257973528 0.6573351054992523 467
1745257987510 0.6565044027247051 468
1745258001429 0.6550922080079747 469
1745258015263 0.6547599268981559 470
1745258029467 0.6578335271639807 471
1745258043328 0.6621531815916265 472
1745258057509 0.6592457218807111 473
1745258071329 0.6599933543778036 474
1745258085334 0.658331948828709 475
1745258099098 0.657168964944343 476
1745258113176 0.6611563382621698 477
1745258127260 0.6598272138228942 478
1745258141241 0.6608240571523509 479
1745258154949 0.6564213324472504 480
1745258168787 0.6564213324472504 481
1745258182385 0.6572520352217976 482
1745258196436 0.6590795813258016 483
1745258210174 0.6616547599268982 484
1745258224016 0.6602425652101678 485
1745258237951 0.6611563382621698 486
1745258251899 0.6606579165974414 487
1745258265947 0.6616547599268982 488
1745258280090 0.6607409868748961 489
1745258293858 0.6621531815916265 490
1745258307693 0.656836683834524 491
1745258321507 0.6602425652101678 492
1745258335472 0.6604087057650773 493
1745258349098 0.6615716896494435 494
1745258362993 0.660491776042532 495
1745258377028 0.6620701113141718 496
1745258391022 0.6599933543778036 497
1745258404983 0.6579165974414355 498
1745258418647 0.6566705432796146 499
1745258432305 0.6624023924239907 500
