1745251516774 4.665827798161901 0
1745251530718 4.5495115532600465 1
1745251545006 4.395585985482366 2
1745251559023 4.244581447423331 3
1745251572909 4.112134506492968 4
1745251586774 3.97534548670066 5
1745251600599 3.8722696341401943 6
1745251614355 3.749503109925131 7
1745251628335 3.635470603232927 8
1745251642385 3.5398928469697584 9
1745251656089 3.4531664249525194 10
1745251669751 3.390041722149947 11
1745251683471 3.313612960626619 12
1745251697110 3.247583588791174 13
1745251710707 3.1752371723384303 14
1745251724828 3.131328286494263 15
1745251738643 3.079281995004844 16
1745251752511 3.022553179834309 17
1745251766550 2.978425627748923 18
1745251780353 2.929684486846154 19
1745251794142 2.88964783759516 20
1745251808107 2.8444791525389377 21
1745251822122 2.7962497529636767 22
1745251835919 2.752998784153138 23
1745251849949 2.699661766670992 24
1745251863829 2.652232801753866 25
1745251877861 2.6093189070810037 26
1745251891754 2.580145812989183 27
1745251905561 2.558330520617957 28
1745251919329 2.5193089354860025 29
1745251933436 2.478943063086349 30
1745251947392 2.433592098056894 31
1745251961076 2.415668399444695 32
1745251974642 2.3886411200430575 33
1745251988196 2.358735221757163 34
1745252001666 2.3228997262574484 35
1745252015202 2.30037194359523 36
1745252028726 2.2635063556950348 37
1745252042216 2.2456598808004755 38
1745252055900 2.1782521411695117 39
1745252069570 2.157873282654539 40
1745252083174 2.1401628595457804 41
1745252097153 2.0856342060994884 42
1745252110784 2.0788918809324013 43
1745252124422 2.0488931675601676 44
1745252138010 2.025742040042769 45
1745252151884 2.0073069883851056 46
1745252165674 1.9838063004275939 47
1745252179714 1.9433947669427503 48
1745252193575 1.9177391573492346 49
1745252207529 1.8796105291185483 50
1745252221653 1.8471985112824025 51
1745252235574 1.8452836946248006 52
1745252249445 1.8235834977452923 53
1745252263042 1.8023267668139888 54
1745252276735 1.782485557202533 55
1745252290298 1.7411812394920043 56
1745252303895 1.733754887462865 57
1745252317556 1.7069516117555747 58
1745252331237 1.6743083247470976 59
1745252344897 1.651923718179109 60
1745252358280 1.632719173773766 61
1745252372075 1.6098379530529356 62
1745252385782 1.5773380324025272 63
1745252399679 1.5614168129864487 64
1745252413737 1.5488715075792612 65
1745252427356 1.524112164933499 66
1745252441103 1.5208986975431142 67
1745252454916 1.5033042623108301 68
1745252468739 1.4809332934183552 69
1745252482729 1.4449750096507812 70
1745252496771 1.4126510714071545 71
1745252510676 1.40230226201037 72
1745252524698 1.386982347012919 73
1745252538684 1.3704915591940352 74
1745252552519 1.350714971759631 75
1745252566567 1.342040623747636 76
1745252580354 1.3268042486435028 77
1745252594169 1.3087118964527975 78
1745252608077 1.2806036832103112 79
1745252621914 1.266224565796363 80
1745252635839 1.261578973506418 81
1745252649805 1.2272839927345125 82
1745252663706 1.2337304733602776 83
1745252677170 1.213044230316105 84
1745252690978 1.1913557142307398 85
1745252704929 1.16534271480507 86
1745252718670 1.1448366276719406 87
1745252732791 1.1409642408629734 88
1745252746843 1.1328511573984974 89
1745252760750 1.110554390958424 90
1745252774711 1.0819335304116091 91
1745252788579 1.0727090422203431 92
1745252802584 1.0506360068864034 93
1745252816597 1.0377474045251762 94
1745252830408 1.0208178298620678 95
1745252844433 1.014081640093078 96
1745252858451 0.9850948488996679 97
1745252872435 0.9729849843182274 98
1745252886388 0.9650453359793719 99
1745252900316 0.9559977191988537 100
1745252914275 0.9351840012273451 101
1745252928149 0.9346679857814196 102
1745252942253 0.9298569826771728 103
1745252956420 0.8938111659208294 104
1745252970624 0.8794470818548105 105
1745252984529 0.8778662091280017 106
1745252998486 0.8652531125039776 107
1745253012348 0.8565826868593768 108
1745253025953 0.848534383564035 109
1745253039896 0.8260106070671025 110
1745253053454 0.8157614185519833 111
1745253067335 0.7904640229018784 112
1745253081342 0.7962278074225917 113
1745253095085 0.7784223833386389 114
1745253108991 0.7800923956259803 115
1745253123022 0.7605011096336151 116
1745253136732 0.7561365584175394 117
1745253150565 0.7383939728701425 118
1745253164274 0.7343669709204976 119
1745253178216 0.716605311532878 120
1745253192185 0.6969374238461343 121
1745253206147 0.6920734182307078 122
1745253219986 0.6767511017731743 123
1745253233945 0.6738395672087949 124
1745253247945 0.659539991386075 125
1745253261910 0.6540431178042986 126
1745253275752 0.6261420563629078 127
1745253289643 0.6244035470634135 128
1745253303711 0.627859078778307 129
1745253317773 0.6029419534044601 130
1745253331885 0.6021423271664205 131
1745253345920 0.5954219430799355 132
1745253359950 0.5929880429187672 133
1745253373930 0.585425816501791 134
1745253387952 0.5677373997057534 135
1745253401974 0.5579814375849921 136
1745253415958 0.5479524537534173 137
1745253429922 0.5407317777020608 138
1745253443793 0.5313209212405083 139
1745253457636 0.5156666536585668 140
1745253471519 0.5001927486355814 141
1745253485361 0.4877767526231841 142
1745253499241 0.48552962737537675 143
1745253513439 0.4983866506057685 144
1745253527586 0.4759033905107727 145
1745253541326 0.47605299154792124 146
1745253555004 0.47224958310746984 147
1745253568564 0.45725853126198557 148
1745253582088 0.4516178107749594 149
1745253595613 0.4445949274460938 150
1745253609214 0.440991585449828 151
1745253622960 0.42997457294405045 152
1745253636559 0.4242229092542823 153
1745253650441 0.4205937594615358 154
1745253663974 0.41567982178018553 155
1745253677665 0.4129018099534632 156
1745253691342 0.4073249496035701 157
1745253705062 0.3938339465681797 158
1745253718645 0.38955064158778624 159
1745253732361 0.3770372745310461 160
1745253746251 0.3744716355107339 161
1745253760070 0.36966649443106886 162
1745253773956 0.3650450560425969 163
1745253787704 0.354643187890422 164
1745253801833 0.34124509507974987 165
1745253816075 0.33841241694855284 166
1745253829978 0.3270058264061746 167
1745253843753 0.33623080433511926 168
1745253857238 0.3420578191395866 169
1745253871001 0.3312494384376203 170
1745253884681 0.32346994989990446 171
1745253898062 0.3177904254931466 172
1745253911673 0.3113672050953572 173
1745253925419 0.2968998124751334 174
1745253939480 0.3029187018270579 175
1745253953358 0.30286191671322554 176
1745253967345 0.2961708797156003 177
1745253981398 0.29399641313891156 178
1745253995386 0.27886593008289423 179
1745254009203 0.27532478875960936 180
1745254023170 0.27005381532230294 181
1745254037110 0.271344309677411 182
1745254050963 0.26778713733775245 183
1745254064896 0.25979000618724374 184
1745254079037 0.25679285360947285 185
1745254093062 0.2561929448673712 186
1745254107069 0.25400422066869 187
1745254121033 0.24636071769617726 188
1745254134863 0.24560931915931714 189
1745254148576 0.2356264741559673 190
1745254162453 0.23157272971704596 191
1745254175990 0.23542635644265006 192
1745254189626 0.2331981011157438 193
1745254203387 0.22857182585630767 194
1745254217055 0.22862812481417755 195
1745254230793 0.22080860745683217 196
1745254244665 0.21167329732389722 197
1745254258351 0.2118084698479181 198
1745254271910 0.21181189037866094 199
1745254285484 0.21250289557049518 200
1745254299402 0.20659444692590442 201
1745254313127 0.20298973197382086 202
1745254326795 0.1989548347885288 203
1745254340538 0.19586489098471482 204
1745254354163 0.1894291366423868 205
1745254367797 0.18037243152175061 206
1745254381473 0.17644477330808642 207
1745254395252 0.17619837183558537 208
1745254408721 0.1691560095169054 209
1745254422278 0.17229142501193148 210
1745254436322 0.16358619823571516 211
1745254449881 0.1631417405668657 212
1745254463310 0.16743524486947525 213
1745254476860 0.16212183178501136 214
1745254490644 0.16112831253037735 215
1745254504764 0.1600632040924657 216
1745254518507 0.15767969214758698 217
1745254532257 0.1555449935194996 218
1745254545794 0.15555120341459422 219
1745254559202 0.15339488034775092 220
1745254572829 0.15362565528150035 221
1745254586514 0.14184732694923016 222
1745254600131 0.1360213036874811 223
1745254613904 0.14043296017684434 224
1745254627412 0.14114866449541486 225
1745254641410 0.13667976037708174 226
1745254655371 0.13078220212762018 227
1745254669253 0.1312966225638938 228
1745254683343 0.13450265307296122 229
1745254697136 0.12625880091206043 230
1745254710858 0.13257518593198805 231
1745254724229 0.1261652101757308 232
1745254738146 0.1232709738734394 233
1745254752238 0.12164707246573955 234
1745254766111 0.11981356894837582 235
1745254780026 0.12076723454444747 236
1745254794015 0.11672709035255938 237
1745254807858 0.11049071249094826 238
1745254821996 0.1134272327947267 239
1745254836033 0.11265904071088313 240
1745254849781 0.1101214798215206 241
1745254863844 0.1119732207877224 242
1745254877627 0.11246852426694376 243
1745254891612 0.10699381092448765 244
1745254905287 0.10073255045497426 245
1745254919272 0.1020829233788866 246
1745254933246 0.09986469334417825 247
1745254947049 0.0972697036460233 248
1745254961014 0.09293642402428878 249
1745254975059 0.09498926138432133 250
1745254988853 0.09270953126499307 251
1745255003118 0.09438368078267782 252
1745255016682 0.08920467613636233 253
1745255030849 0.08902797025743678 254
1745255044913 0.08789938610609262 255
1745255058985 0.08793363140367665 256
1745255072912 0.08667669852813076 257
1745255086779 0.08444123788113922 258
1745255100595 0.08675448720967033 259
1745255114589 0.08797080294108613 260
1745255128541 0.08328295712832545 261
1745255142293 0.07720466663563971 262
1745255156042 0.07660089742816859 263
1745255169695 0.07784996715171898 264
1745255183590 0.0784780350913307 265
1745255197361 0.07732589468629576 266
1745255211298 0.070948415129716 267
1745255225207 0.07307761002633116 268
1745255239260 0.06924856972708215 269
1745255253352 0.07091173231040925 270
1745255267137 0.07067567151773466 271
1745255280916 0.06554837670835782 272
1745255294771 0.06542441137689947 273
1745255309227 0.06384409326184692 274
1745255323196 0.06512348388466838 275
1745255337061 0.06602651957743408 276
1745255351264 0.06362765776044359 277
1745255365008 0.06465781322915691 278
1745255378413 0.06257338933527279 279
1745255392121 0.060798853169686265 280
1745255405746 0.058578082217780866 281
1745255419470 0.057094782827097686 282
1745255433266 0.05739593062778941 283
1745255447041 0.05740811248903878 284
1745255460533 0.05625341861046747 285
1745255474267 0.05599811547319356 286
1745255488015 0.05466403803342234 287
1745255502183 0.05420184455287986 288
1745255516045 0.05437755335590944 289
1745255529755 0.05707875456733018 290
1745255543920 0.05544180027723035 291
1745255557859 0.05312695928118002 292
1745255571895 0.05103332754273963 293
1745255585822 0.04841100396415216 294
1745255599881 0.05193854388395777 295
1745255613895 0.051620739055316923 296
1745255627888 0.05055553188189585 297
1745255641783 0.04938229749300907 298
1745255655788 0.04848133877803798 299
1745255669738 0.0470259405959845 300
1745255683937 0.045319055448308845 301
1745255697692 0.044735518649658725 302
1745255711071 0.04447285664849083 303
1745255725034 0.04533246896181386 304
1745255738979 0.043602061668693154 305
1745255752955 0.04267889489307698 306
1745255766804 0.041986135994385616 307
1745255780647 0.039089147713600635 308
1745255794840 0.040146244595451894 309
1745255808808 0.0397832020185374 310
1745255822731 0.041324331011070574 311
1745255836801 0.04018296944697792 312
1745255850853 0.03980491785562797 313
1745255864565 0.041106032492921184 314
1745255878361 0.039599926418251157 315
1745255892358 0.04041627609233022 316
1745255906188 0.03896253615960392 317
1745255919814 0.03733618926062527 318
1745255933455 0.0369901281454783 319
1745255947030 0.036658675068644994 320
1745255960587 0.03612485925179404 321
1745255974247 0.034982879157168315 322
1745255987875 0.03328772309495239 323
1745256001499 0.03611846407442348 324
1745256015226 0.033143880600761996 325
1745256028853 0.034433886272541445 326
1745256042379 0.03357956644271488 327
1745256055968 0.03242100784708243 328
1745256069648 0.0333419046539421 329
1745256083330 0.037052396417690085 330
1745256096906 0.035147673810226196 331
1745256110721 0.0315312205422422 332
1745256124319 0.03106034567350662 333
1745256138079 0.031972433024003065 334
1745256151666 0.030334632424779587 335
1745256165355 0.03123088398756831 336
1745256179259 0.02942969354657453 337
1745256193232 0.02910089554313489 338
1745256207218 0.029539879652021272 339
1745256221223 0.02906245250137084 340
1745256235094 0.028349445319511175 341
1745256248754 0.028552585001195674 342
1745256262507 0.027144646664457272 343
1745256276652 0.027601704213606956 344
1745256290557 0.027895412000777775 345
1745256304629 0.028337302380983302 346
1745256318525 0.02774825465327202 347
1745256332397 0.02646238124019455 348
1745256346165 0.027451763299491807 349
1745256359744 0.02705575318834129 350
1745256373694 0.02528253362877956 351
1745256387822 0.026147005591101998 352
1745256402035 0.02587822186425158 353
1745256415968 0.023543923602836518 354
1745256429986 0.02501845062907698 355
1745256443825 0.024512272366759954 356
1745256457947 0.023799297198379775 357
1745256471574 0.02457283915222821 358
1745256485525 0.023301693202365744 359
1745256499289 0.02198412607458656 360
1745256513169 0.021933346710608433 361
1745256527181 0.02167063389730272 362
1745256541233 0.021984538561995073 363
1745256555499 0.022185332800818355 364
1745256569220 0.021393666659939265 365
1745256583225 0.02090157447154528 366
1745256597097 0.021233868481551316 367
1745256611116 0.019521669078059307 368
1745256625091 0.021176876377851338 369
1745256639152 0.021159496564518297 370
1745256652988 0.021655386152474088 371
1745256666818 0.021164842773704135 372
1745256680483 0.021093349939544176 373
1745256694578 0.021640850835381045 374
1745256708364 0.018965969920208447 375
1745256722250 0.019328129385129112 376
1745256736089 0.01896612838270517 377
1745256749652 0.01872159577475263 378
1745256763375 0.017712204851547373 379
1745256776906 0.01717278393548798 380
1745256790550 0.018212238033752572 381
1745256804042 0.017174594575389147 382
1745256817711 0.017983111304055752 383
1745256831188 0.017175850260762827 384
1745256844999 0.017266308755556414 385
1745256858441 0.018451452742160143 386
1745256872259 0.017379066047382773 387
1745256885565 0.018383147152543078 388
1745256899201 0.01881508111516921 389
1745256912810 0.01822717935220738 390
1745256926535 0.015944390511077836 391
1745256940158 0.015419762602677634 392
1745256953976 0.01587034459828952 393
1745256967556 0.015812054933761515 394
1745256981250 0.01574954693893644 395
1745256994825 0.015293588586884248 396
1745257008207 0.015465640819050126 397
1745257021947 0.016147193731703417 398
1745257035356 0.016354960976276905 399
1745257049083 0.016453668633879488 400
1745257062461 0.016204168052259552 401
1745257076156 0.015766341960466564 402
1745257089632 0.016618471718010598 403
1745257103260 0.01600561224980119 404
1745257116979 0.015777724289922575 405
1745257130496 0.015195770296705885 406
1745257144080 0.014536111158206855 407
1745257157729 0.014904807934357401 408
1745257171111 0.015409468447000186 409
1745257184691 0.014720491181904221 410
1745257198388 0.015156831253455674 411
1745257212327 0.013588834149188643 412
1745257226329 0.013993908171785682 413
1745257239976 0.013275140008515818 414
1745257253475 0.01268969669904763 415
1745257267027 0.012968606085279376 416
1745257280607 0.013671763598183036 417
1745257294452 0.013197906299832786 418
1745257308170 0.012711119120782263 419
1745257321725 0.012450577031657376 420
1745257335461 0.01326013140966325 421
1745257349101 0.012944136270761191 422
1745257362897 0.012496021651013059 423
1745257376995 0.012578036592476725 424
1745257390995 0.01176921025384242 425
1745257405035 0.012115658138545498 426
1745257418840 0.012172745889984071 427
1745257432497 0.011545410538333748 428
1745257446465 0.010940972284417105 429
1745257460275 0.011462426854660198 430
1745257473905 0.012598132855860434 431
1745257487671 0.011296032466040088 432
1745257501179 0.011608810814613246 433
1745257515155 0.011937538146581767 434
1745257529021 0.012133109688373686 435
1745257542735 0.012042166435681092 436
1745257556809 0.01182884354436572 437
1745257570674 0.011502010245431186 438
1745257584418 0.01140967450915891 439
1745257598102 0.011187177536721727 440
1745257611885 0.011473284165776186 441
1745257625729 0.010975346513951907 442
1745257639738 0.010714540397281026 443
1745257653581 0.010982167727943406 444
1745257667459 0.00951065202231943 445
1745257681473 0.009675391842619943 446
1745257695534 0.009350951472261284 447
1745257709140 0.010035977020730457 448
1745257723050 0.009598040355864005 449
1745257737139 0.00976126773143104 450
1745257751212 0.01010729733475424 451
1745257764828 0.010460939240537074 452
1745257778747 0.0106678408776333 453
1745257792450 0.011656182652746525 454
1745257806178 0.010551293988607118 455
1745257820298 0.010985910480537084 456
1745257834077 0.010386128035061318 457
1745257848284 0.009927682231718577 458
1745257862219 0.009905076414488017 459
1745257876097 0.010248264746312944 460
1745257889984 0.011339159776362724 461
1745257903930 0.009725405644568686 462
1745257917946 0.009124327052516543 463
1745257931998 0.009506097651670684 464
1745257945896 0.009640516436145182 465
1745257959669 0.009817528478259202 466
1745257973529 0.00894903496024786 467
1745257987511 0.009245163483418493 468
1745258001430 0.009587610381320168 469
1745258015264 0.009446114311979186 470
1745258029467 0.008950629384666873 471
1745258043329 0.008638479696912902 472
1745258057509 0.008832098277521903 473
1745258071330 0.008170373689703251 474
1745258085335 0.008449906186510581 475
1745258099099 0.008668640337088456 476
1745258113176 0.00871486013053346 477
1745258127261 0.009295683747453924 478
1745258141242 0.00888205730953608 479
1745258154949 0.008484549010929258 480
1745258168787 0.0077202757848547935 481
1745258182386 0.007955740856320608 482
1745258196437 0.008201503695548647 483
1745258210175 0.00840576307241136 484
1745258224017 0.007955432952147495 485
1745258237952 0.0083864205963158 486
1745258251900 0.008245737380471583 487
1745258265948 0.008441347688770584 488
1745258280090 0.008754802872446505 489
1745258293859 0.007596726249966444 490
1745258307694 0.008063731283397713 491
1745258321508 0.007804163843456207 492
1745258335473 0.007456924718499159 493
1745258349099 0.0072585959244625565 494
1745258362993 0.007149984002096925 495
1745258377029 0.007245835594965216 496
1745258391023 0.006997528598946769 497
1745258404984 0.006869965104281173 498
1745258418648 0.007335269398514683 499
1745258432306 0.007221969452856851 500
