1743795863785 0.002271370296181649 0
1743795869512 0.002271370296181649 1
1743795875446 0.002271370296181649 2
1743795881236 0.002271370296181649 3
1743795886886 0.002271370296181649 4
1743795892740 0.002271370296181649 5
1743795898426 0.002271370296181649 6
1743795904127 0.002271370296181649 7
1743795909961 0.002271370296181649 8
1743795915663 0.002271370296181649 9
1743795921488 0.002271370296181649 10
1743795927375 0.002271370296181649 11
1743795933222 0.002271370296181649 12
1743795938934 0.002266981867590159 13
