1742779722644 0.2353431045969354 0
1742779727980 0.39015656229180545 1
1742779733525 0.37733177881412394 2
1742779738900 0.3967355096602265 3
1742779744632 0.4646902065289807 4
1742779750214 0.4576115922718188 5
1742779755777 0.45836109260493 6
1742779761329 0.4474516988674217 7
1742779766622 0.4507828114590273 8
1742779772018 0.4756828780812791 9
1742779777349 0.4866755496335776 10
1742779782718 0.4756828780812791 11
1742779788177 0.5379746835443038 12
1742779793446 0.5328947368421053 13
1742779799169 0.5036642238507661 14
1742779804588 0.526149233844104 15
1742779810119 0.5323117921385743 16
1742779815855 0.529230512991339 17
1742779821445 0.5359760159893404 18
1742779827135 0.49025649566955365 19
1742779832914 0.5752831445702865 20
1742779838733 0.5488840772818121 21
1742779844434 0.5462191872085277 22
1742779849976 0.5395569620253164 23
1742779855409 0.5742838107928048 24
1742779861056 0.5677881412391739 25
1742779866555 0.5811125916055963 26
1742779871901 0.6141738840772818 27
1742779877620 0.6115922718187875 28
1742779882947 0.6079280479680214 29
1742779888719 0.5983510992671552 30
1742779894275 0.5831945369753497 31
1742779899591 0.5936875416389074 32
1742779905077 0.627998001332445 33
1742779910528 0.6259993337774816 34
1742779915946 0.6234177215189873 35
1742779921454 0.5956862091938707 36
1742779926975 0.614840106595603 37
1742779932373 0.6274983344437042 38
1742779938065 0.6330779480346436 39
1742779943333 0.616089273817455 40
1742779948699 0.644653564290473 41
1742779953976 0.6132578281145903 42
1742779959491 0.6461525649566955 43
1742779964667 0.6392405063291139 44
1742779970046 0.6453197868087941 45
1742779975237 0.6527315123251166 46
1742779980731 0.636325782811459 47
1742779986274 0.639906728847435 48
1742779991851 0.6579780146568954 49
1742779997415 0.656562291805463 50
