1742779722645 2.041480038365599 0
1742779727981 1.771236288525122 1
1742779733526 1.666043623308378 2
1742779738901 1.5790386670281706 3
1742779744633 1.460509777964841 4
1742779750214 1.4420834469710628 5
1742779755777 1.4427630277733494 6
1742779761330 1.422039492105149 7
1742779766623 1.4362277740154255 8
1742779772019 1.3758480744865986 9
1742779777350 1.3519166191754872 10
1742779782718 1.40620007734661 11
1742779788178 1.240766361607711 12
1742779793446 1.2351028212573378 13
1742779799170 1.3112121869093987 14
1742779804589 1.2598589455794005 15
1742779810120 1.2322235509047204 16
1742779815855 1.229778096297543 17
1742779821446 1.2072710991590014 18
1742779827136 1.3246248980524942 19
1742779832918 1.1369604269476878 20
1742779838734 1.1930375392819914 21
1742779844435 1.1995291876111143 22
1742779849977 1.1953512566341808 23
1742779855410 1.110088546084875 24
1742779861057 1.1310728190743184 25
1742779866556 1.088065997692942 26
1742779871902 1.0157919585101416 27
1742779877621 1.0132206097242107 28
1742779882948 1.0252824457546188 29
1742779888720 1.0411369020705978 30
1742779894276 1.0778734250422983 31
1742779899592 1.0679067543779128 32
1742779905078 0.9722505376937245 33
1742779910528 0.9669717553450156 34
1742779915946 0.974457966885719 35
1742779921455 1.0455324416760488 36
1742779926976 0.9856162205994738 37
1742779932373 0.9499535128222306 38
1742779938066 0.9342560609847314 39
1742779943333 0.9730964439214085 40
1742779948700 0.9169390078620805 41
1742779953976 0.9853263266355055 42
1742779959492 0.9158130867810669 43
1742779964667 0.9105686758330162 44
1742779970047 0.8911409573763628 45
1742779975238 0.8826845523628555 46
1742779980732 0.9134915165869086 47
1742779986275 0.899194780904337 48
1742779991851 0.8608933849984508 49
1742779997416 0.8586705063892117 50
