1743851076754 0.10637550905771662 0
1743851090874 0.12645695829237466 1
1743851105093 0.09949445302626035 2
1743851119456 0.09949445302626035 3
1743851133487 0.09949445302626035 4
1743851147947 0.09949445302626035 5
1743851162257 0.09949445302626035 6
1743851176750 0.09949445302626035 7
1743851191057 0.09949445302626035 8
1743851205500 0.09949445302626035 9
1743851219916 0.09949445302626035 10
1743851234820 0.09949445302626035 11
1743851249136 0.09949445302626035 12
1743851263589 0.09949445302626035 13
1743851277854 0.09949445302626035 14
1743851291971 0.09949445302626035 15
1743851306357 0.09949445302626035 16
1743851320696 0.09949445302626035 17
1743851335263 0.09949445302626035 18
1743851349941 0.09949445302626035 19
1743851364421 0.09949445302626035 20
1743851379303 0.09949445302626035 21
1743851393885 0.09949445302626035 22
1743851408067 0.09949445302626035 23
1743851422522 0.09949445302626035 24
1743851436690 0.09949445302626035 25
1743851451028 0.09949445302626035 26
1743851465575 0.09949445302626035 27
1743851480111 0.09949445302626035 28
1743851494475 0.09949445302626035 29
1743851508872 0.10012638674343491 30
1743851523346 0.1008285353180733 31
1743851537543 0.10293498104198849 32
1743851551790 0.1058137901980059 33
1743851566309 0.10890324392641483 34
1743851581053 0.11318635023170903 35
1743851595441 0.11564387024294341 36
1743851610060 0.11936525768852689 37
1743851624470 0.11845246454149698 38
