1743851076754 2.3038369440300954 0
1743851090875 2.3043607693034422 1
1743851105094 2.3047880517007178 2
1743851119457 2.304528217272594 3
1743851133488 2.304349919171426 4
1743851147947 2.3042578059536982 5
1743851162257 2.3041930772615156 6
1743851176750 2.304125876564013 7
1743851191057 2.3040562653842223 8
1743851205501 2.3039926703133737 9
1743851219916 2.303902431416597 10
1743851234825 2.3037907163593787 11
1743851249136 2.303672523209543 12
1743851263589 2.3035382020951394 13
1743851277855 2.3033681219184596 14
1743851291972 2.303193608717844 15
1743851306358 2.3029910506175417 16
1743851320697 2.302761785911791 17
1743851335264 2.3024045161421904 18
1743851349942 2.3020295617092628 19
1743851364422 2.30159368789647 20
1743851379304 2.3010685571321945 21
1743851393885 2.30045659802805 22
1743851408068 2.299731201176901 23
1743851422523 2.2989166864405552 24
1743851436690 2.2978596943550675 25
1743851451029 2.2967744341189187 26
1743851465575 2.295603201166286 27
1743851480112 2.293888436453324 28
1743851494476 2.291987739173836 29
1743851508873 2.290159496865254 30
1743851523347 2.2883071967623407 31
1743851537544 2.286380928921964 32
1743851551791 2.284279321291432 33
1743851566310 2.2819229683228945 34
1743851581054 2.279354554301441 35
1743851595441 2.276622950817577 36
1743851610060 2.273600345139851 37
1743851624470 2.270311181567246 38
