1742778965680 0.5161598872331856 0
1742778975225 0.5988219895287958 1
1742778985332 0.7053966975432944 2
1742778995479 0.7467780910189287 3
1742779005162 0.7963652839307289 4
1742779015416 0.7847362062021748 5
1742779025118 0.7811115585984696 6
1742779034857 0.8373439387837294 7
1742779044645 0.8319573097060008 8
1742779054688 0.8190193314538864 9
1742779064892 0.8407168747482884 10
1742779074079 0.8567760773258155 11
1742779084007 0.8493757551349175 12
1742779094177 0.8390052356020943 13
1742779103471 0.8581856625050343 14
1742779113151 0.8473117196939186 15
1742779122857 0.8560712847362062 16
1742779131981 0.8277285541683448 17
1742779142102 0.8604007249295207 18
1742779151218 0.8547623842126459 19
1742779160668 0.8544603302456706 20
1742779170826 0.873741441804269 21
1742779180702 0.8740938380990737 22
1742779190718 0.8729863068868304 23
1742779200680 0.8618606524365686 24
1742779210861 0.8568264196536448 25
1742779220011 0.8563733387031817 26
1742779229942 0.872684252919855 27
1742779239296 0.8483185662505034 28
1742779249307 0.8722311719693918 29
1742779258731 0.8783225936367297 30
1742779268803 0.8759565042287555 31
1742779278900 0.8791784132098268 32
1742779289138 0.8829037454691905 33
1742779298920 0.8848167539267016 34
1742779309176 0.8845650422875554 35
1742779318631 0.8744965767217077 36
1742779328682 0.8758054772452678 37
1742779339379 0.8833568264196536 38
1742779350317 0.8825010068465566 39
1742779360446 0.8879379782521144 40
1742779370303 0.8782722513089005 41
1742779380482 0.8850181232380185 42
1742779390107 0.8821486105517519 43
1742779400489 0.8871325010068466 44
1742779411096 0.8837092227144583 45
1742779420900 0.8887937978252114 46
1742779430665 0.8857229158276279 47
1742779440242 0.8890455094643577 48
1742779450334 0.897553362867499 49
1742779460059 0.8942307692307693 50
