1742778965681 1.7932894246114 0
1742778975226 1.2370716202837457 1
1742778985332 0.8976291132484057 2
1742778995479 0.7890745221225811 3
1742779005163 0.6477349426362619 4
1742779015417 0.661055441324088 5
1742779025119 0.6792099944261274 6
1742779034858 0.5294783457040918 7
1742779044645 0.543576105418084 8
1742779054689 0.5791771867910779 9
1742779064893 0.5236068109344989 10
1742779074080 0.47318473276485606 11
1742779084008 0.47663003316169067 12
1742779094178 0.5116571922465529 13
1742779103472 0.46206144777307945 14
1742779113152 0.47645585120244216 15
1742779122858 0.4495471338481509 16
1742779131982 0.5205619503507448 17
1742779142102 0.44085336134240277 18
1742779151219 0.45442865035134566 19
1742779160671 0.44787183290989463 20
1742779170827 0.4013541933379142 21
1742779180702 0.4010516428388655 22
1742779190718 0.39912620862334425 23
1742779200680 0.42809105138172626 24
1742779210862 0.4339162310395242 25
1742779220012 0.4403659298180332 26
1742779229943 0.3991181936808677 27
1742779239297 0.4610149013949529 28
1742779249308 0.4024973509551531 29
1742779258732 0.3745506550738777 30
1742779268804 0.38360797076321146 31
1742779278901 0.382185128673843 32
1742779289139 0.36345263721375 33
1742779298920 0.3588291985161776 34
1742779309176 0.35787232940948777 35
1742779318632 0.37819715400620185 36
1742779328682 0.37642161881298214 37
1742779339380 0.35431887959599584 38
1742779350318 0.3514038761469131 39
1742779360447 0.34818532426512044 40
1742779370304 0.36629073404558543 41
1742779380483 0.3445965910955404 42
1742779390108 0.3505622763613036 43
1742779400490 0.343792360862183 44
1742779411097 0.35524195426453414 45
1742779420901 0.33742481624954346 46
1742779430666 0.3420006114020932 47
1742779440242 0.33205054095026665 48
1742779450335 0.3015995882099134 49
1742779460060 0.31794910373488383 50
