1745183743202 0.014703439109486625 0
1745183763347 0.018524671872404055 1
1745183783460 0.01885695298222296 2
1745183803061 0.01628177438112643 3
1745183823260 0.02184748297059312 4
1745183843274 0.023010466854959295 5
1745183862999 0.019521515201860774 6
1745183883273 0.02242897491277621 7
1745183904405 0.022761256022595114 8
1745183924843 0.018026250207675693 9
1745183944666 0.0208506396411364 10
1745183964981 0.023758099352051837 11
1745183985059 0.022761256022595114 12
1745184005161 0.01993686658913441 13
1745184025653 0.01993686658913441 14
1745184045723 0.019687655756770228 15
1745184065106 0.01810932048513042 16
1745184084654 0.017693969097856786 17
1745184104772 0.019521515201860774 18
1745184125218 0.020269147698953313 19
1745184144364 0.019189234092041867 20
1745184164033 0.019272304369496594 21
1745184185110 0.01885695298222296 22
1745184204581 0.02118292075095531 23
1745184224708 0.020103007144043863 24
1745184244577 0.019521515201860774 25
1745184265196 0.020767569363681675 26
1745184285510 0.01860774214985878 27
1745184305168 0.01810932048513042 28
1745184324714 0.019438444924406047 29
1745184344738 0.019853796311679682 30
1745184365447 0.019272304369496594 31
1745184385525 0.019189234092041867 32
1745184405403 0.01910616381458714 33
1745184426266 0.021681342415683667 34
1745184446565 0.01885695298222296 35
1745184466628 0.019853796311679682 36
1745184486565 0.020684499086226948 37
1745184506420 0.022013623525502575 38
1745184526866 0.02035221797640804 39
1745184546871 0.020435288253862767 40
1745184566720 0.021265991028410036 41
1745184587635 0.020767569363681675 42
1745184607545 0.020019936866589136 43
1745184627202 0.01869081242731351 44
1745184647082 0.01885695298222296 45
1745184666787 0.01993686658913441 46
1745184686190 0.021764412693138394 47
1745184706696 0.021515201860774213 48
1745184727259 0.021349061305864763 49
1745184748275 0.021432131583319487 50
1745184769650 0.020767569363681675 51
1745184790262 0.020435288253862767 52
1745184810950 0.021681342415683667 53
1745184831653 0.02184748297059312 54
1745184851774 0.02242897491277621 55
1745184872443 0.02159827213822894 56
1745184893559 0.023010466854959295 57
1745184914882 0.021930553248047848 58
1745184936331 0.022013623525502575 59
1745184957422 0.02242897491277621 60
1745184977784 0.021265991028410036 61
1745184998420 0.02159827213822894 62
1745185018459 0.022096693802957302 63
1745185038213 0.021265991028410036 64
1745185059082 0.021930553248047848 65
1745185079349 0.021764412693138394 66
1745185099752 0.02217976408041203 67
1745185120535 0.022096693802957302 68
1745185141226 0.02217976408041203 69
1745185161196 0.022013623525502575 70
1745185181893 0.02284432630004984 71
1745185201515 0.021764412693138394 72
1745185221220 0.022595115467685663 73
1745185242097 0.022761256022595114 74
1745185262196 0.02118292075095531 75
1745185282817 0.021515201860774213 76
1745185303465 0.021681342415683667 77
1745185324296 0.022512045190230937 78
1745185344528 0.022927396577504568 79
1745185365006 0.02267818574514039 80
1745185385484 0.02184748297059312 81
1745185406331 0.022595115467685663 82
1745185427153 0.022096693802957302 83
1745185447274 0.022262834357866756 84
1745185467656 0.022096693802957302 85
