1745183743203 4.6042377035775175 0
1745183763348 4.600355506795151 1
1745183783460 4.596912689196958 2
1745183803062 4.593313409381175 3
1745183823260 4.589558815344786 4
1745183843275 4.586162167168706 5
1745183862999 4.5828069169363985 6
1745183883273 4.580218530192301 7
1745183904406 4.577928417016599 8
1745183924844 4.574795458486172 9
1745183944667 4.572748339241319 10
1745183964981 4.571088718736608 11
1745183985059 4.56848904794883 12
1745184005162 4.567763266016225 13
1745184025654 4.5658564761988805 14
1745184045724 4.564687995461668 15
1745184065106 4.563302430148483 16
1745184084655 4.562923162210985 17
1745184104773 4.561135196946358 18
1745184125218 4.560512844380735 19
1745184144365 4.559753643659645 20
1745184164034 4.5596322953174875 21
1745184185111 4.558096020298878 22
1745184204581 4.556214966759956 23
1745184224708 4.554483744215194 24
1745184244578 4.554272281066266 25
1745184265196 4.554006762442443 26
1745184285511 4.55292332908996 27
1745184305169 4.552393757931171 28
1745184324715 4.551123451815778 29
1745184344739 4.550547355661476 30
1745184365447 4.5499037565830225 31
1745184385525 4.548327988764477 32
1745184405404 4.547568322430643 33
1745184426267 4.546832145788731 34
1745184446566 4.546248199259248 35
1745184466629 4.546098090160188 36
1745184486565 4.5457513066789295 37
1745184506420 4.543976317337953 38
1745184526867 4.542789339668463 39
1745184546872 4.542953160190943 40
1745184566720 4.542246248101727 41
1745184587636 4.540568912264779 42
1745184607546 4.539945669863694 43
1745184627203 4.539104040253307 44
1745184647082 4.538516158163673 45
1745184666788 4.5372298249881675 46
1745184686191 4.5370910563555125 47
1745184706697 4.537033484231629 48
1745184727260 4.536152109773082 49
1745184748275 4.534754344323645 50
1745184769650 4.534231160758372 51
1745184790263 4.534828402806651 52
1745184810950 4.5340805409484775 53
1745184831654 4.5332496927885915 54
1745184851775 4.5323137306976635 55
1745184872444 4.532508702075697 56
1745184893559 4.531069129592684 57
1745184914883 4.530773532846586 58
1745184936331 4.530121851789195 59
1745184957423 4.530280603185929 60
1745184977785 4.530073586408207 61
1745184998421 4.529854187197723 62
1745185018460 4.529492822801831 63
1745185038214 4.529644488687023 64
1745185059082 4.528721974346006 65
1745185079350 4.527616196091609 66
1745185099753 4.526671672779354 67
1745185120536 4.526265459333262 68
1745185141227 4.526581440016019 69
1745185161197 4.525596785515284 70
1745185181894 4.5241437129685735 71
1745185201516 4.524497340335822 72
1745185221221 4.5234565388109065 73
1745185242098 4.522588522407176 74
1745185262196 4.522641962543663 75
1745185282818 4.523309387244713 76
1745185303466 4.521540209845166 77
1745185324297 4.520458708294504 78
1745185344529 4.519758207951337 79
1745185365007 4.520017646450413 80
1745185385484 4.519416097384032 81
1745185406331 4.519199061814653 82
1745185427153 4.518743562818626 83
1745185447275 4.518746988319358 84
1745185467656 4.518400960080811 85
